name	state_text	state	jurcode	totpop	blackpop	asianpop	spanpop	num65up	num25up	numhs	numcol	numhh	medhhinc	medfaminc	numfambpov	numperbpov	numper	placefip	place	numfam
BETTENDORF	IA	19	bettenia	27381	148	218	498	1629	15607	13345	4099	9378	26214	28658	149	726	27182			
ENGLEWOOD	CO	8	englewco	30021	137	217	1988	3939	18758	14049	3054	12777	15615	19542	431	2304	29511			
RAYTOWN	MO	29	raytowmo	31759	317	153	471	3579	20568	16278	3278	12115	22061	24875	162	782	31528			
BEVERLY HILLS	CA	6	bevhilca	32367	417	894	1491	6880	23919	20710	8423	14914	25046	40300	555	2875	32327			
CULVER CITY	CA	6	culcitca	38139	3149	3190	6428	4011	25862	20920	7282	15901	22121	25512	451	2555	37539			
EAST DETROIT	MI	26	easdetmi	38280	6	136	310	4997	23879	14426	1660	13374	21578	23843	393	1726	38232			
DEARBORN HEIGHTS	MI	26	deaheimi	67706	116	597	1231	6424	41421	27739	4833	23211	25306	27639	594	2543	67396			
SOUTHFIELD	MI	26	southfmi	75568	6902	1440	469	11092	50887	42034	15481	29665	26451	31603	512	2718	74176			
DALY CITY	CA	6	dalcitca	78519	8472	22528	15177	6850	47705	36422	9731	27132	21576	24493	1122	5462	77840			
OVERLAND PARK	KS	20	oveparks	81784	619	777	1221	5336	50017	45567	17554	29663	26047	29200	488	2313	81268			
LAKEWOOD	CO	8	lakewoco	112860	505	1503	6675	8093	67525	57565	17698	41111	23250	26496	1073	5509	111069			
EVERGREEN PARK	IL	17	eveparil	22260	53		229	3864	14713	8213	2221	7626	23501	26376	164	805	21574			
PRAIRIE VILLAGE	KS	20	pravilks	24657	104		309	2816	16333	15156	7322	9407	26243	29838	118	654	24644			
SAN FERNANDO	CA	6	sanferca	17731	113		12219	1683	9480	3322	643	5364	16084	17263	456	2572	17606			
WEST HOLLYWOOD	CA	6	wesholca	35703	1307		2006	7812	29491	23069	7801	22198	13742	16722	767	4765	35475			
WESTMONT	CA	6	westmoca	27916	24029		3240	1105	12968	8569	732	9257	11550	12833	1710	7190	27682			
COMMERCE CITY	CO	8	comcitco	16234	416		4424	1057	8611	4603	315	5323	15530	17106	395	2093	15944			
NORRIDGE	IL	17	norridil	16483	6		148	1958	11088	6550	822	5692	24325	27655	72	312	16044			
LEAWOOD	KS	20	leawooks	13360	61		86	1442	8921	8499	4478	4614	39213	41208	31	162	13360			
DEDHAM	MA	25	dedhamma	25298	70		130	3121	15553	12516	2853	8291	22337	25149	304	1262	24992			
GROSSE POINT PARK	MI	26	gropoimi	13639	30		166	1773	8485	7272	3368	4857	29644	35527	128	572	13628			
GROSSE POINT WOODS	MI	26	gropoimi	18886	21		118	2590	12514	10965	4517	6623	32434	35673	101	417	18821			
HARPER WOODS	MI	26	harwoomi	16361	11		69	3297	11627	7920	1525	6486	21436	25343	140	601	16260			
COLUMBIA HEIGHTS	MN	27	colheimn	20029	30		141	1898	11976	8700	1436	7326	20936	23821	209	1062	19864			
BELLEFONTAINE NEIGHBORS	MO	29	belneimo	12082	344		67	2253	8484	4743	715	4516	21063	23012	59	304	11508			
GLADSTONE	MO	29	gladstmo	24990	114		336	1354	15078	12439	2836	9176	23861	11500	140	665	24816			
JENNINGS	MO	29	jenninmo	17026	4647		155	3068	10801	5518	666	6649	16005	18720	201	1001	16920			
MAPLEWOOD	MO	29	maplewmo	10960	859		125	1559	6874	4198	1113	5283	12691	17205	182	1151	10925			
RICHMOND HEIGHTS	MO	29	richeimo	11516	1643		137	2171	7808	6074	2487	4938	17122	23818	92	736	11473			
NORTH PROVIDENCE	RI	44	norprori	29188	112		189	3895	19128	11541	2643	10764	17545	20899	379	2060	28773			
"GLENDALE, AZ"	AZ	4	glendaaz	97172	1925	1377	12450	6796	53231	40390	7952	33035	18936	21215	1794	8616	96225	40140	140	25879
"PHOENIX, AZ"	AZ	4	phoeniaz	789704	37747	8429	116875	73493	454117	333094	74801	285234	17419	20365	16445	86659	780111	40260	260	203617
"SCOTTSDALE, AZ"	AZ	4	scottsaz	88412	268	810	2918	10855	57134	49313	15500	34282	22222	26155	915	4925	87627	40305	305	24369
"FRESNO, CA"	CA	6	fresnoca	218202	21322	6429	51271	23810	123264	83673	20278	82045	14426	17720	6972	33296	212286	61090	1090	55357
"SAN BERNARDINO, CA"	CA	6	sanberca	117490	17542	2007	29820	14034	67116	44734	8308	43048	14095	16965	4128	18295	112024	62450	2450	29950
"HARTFORD, CT"	CT	9	hartfoct	136392	46131	918	27724	15499	74238	37706	8824	51033	11513	14032	6826	32704	129685	90970	970	30384
"INDIANAPOLIS, IN"	IN	18	indianin	700807	152590	4539	6430	72184	405157	270196	66350	260141	17279	20715	15900	79166	687739	181145	1145	181526
"MISHAWAKA, IN"	IN	18	mishawin	40201	470	147	411	5418	23910	15157	2434	16334	15472	18633	789	3670	39624	181610	1610	10847
"SOUTH BEND, IN"	IN	18	soubenin	109727	20179	560	2360	16283	66673	43741	9771	42213	15678	18899	2498	13044	108184	182375	2375	29490
"DES MOINES, IA"	IA	19	desmoiia	191003	13164	2498	3331	23879	113372	84749	18786	75416	16717	20665	3863	19694	185685	191130	1130	49537
"CHICOPEE, MA"	MA	25	chicopma	55112	371	212	555	7532	34385	19297	2794	20353	15452	18901	1160	4781	54512	250760	760	15084
"SPRINGFIELD, MA"	MA	25	springma	152319	25215	848	13917	20977	88494	56191	10405	55158	13309	16607	5997	26306	147540	254090	4090	38549
"GRAND RAPIDS, MI"	MI	26	grarapmi	181843	28811	1415	5782	24435	102285	68628	16746	65559	15452	18876	4586	23386	173760	261085	1085	44614
"WYOMING, MI"	MI	26	wyominmi	59616	862	555	1262	5041	33158	21924	3110	22009	18656	21004	736	3514	59270	262925	2925	16098
"LAS VEGAS, NV"	NV	32	lasvegnv	164674	21101	3858	12734	13750	97253	70145	11179	62412	17468	21028	3333	17108	163197	320065	65	42553
"NORTH LAS VEGAS, NV"	NV	32	norlasnv	42739	16113	619	4833	1969	19971	12128	968	13065	15583	16561	1214	6090	42342	320080	80	10391
"AKRON, OH"	OH	39	akronoh	237177	52634	1072	1172	31970	140546	87697	17578	90680	14703	18031	7222	34933	232502	390035	35	61431
"BARBERTON, OH"	OH	39	barberoh	29751	1149	228	112	3961	17895	10936	1200	11202	14659	17918	692	3218	29489	390230	230	8242
"CANTON, OH"	OH	39	cantonoh	94730	15018	235	1406	13655	56535	32690	4825	36408	13900	17359	3000	14355	92797	390705	705	24657
"COLUMBUS, OH"	OH	39	columboh	564871	124689	5410	5300	50163	311598	214638	57939	217513	14834	18612	16482	89218	541659	390960	960	136635
"UPPER ARLINGTON, OH"	OH	39	upparloh	35648	81	333	371	5211	23941	22805	12452	13532	29427	33989	175	843	35389	394355	4355	10394
"YOUNGSTOWN, OH"	OH	39	youngsoh	115436	38559	228	3915	16802	69668	39033	5082	42060	13440	16959	4420	20746	113782	394845	4845	30242
"PORTLAND, OR"	OR	41	portlaor	366383	28034	12980	7541	55929	236043	178887	52215	158961	14782	19501	7573	46668	358381	410905	905	89443
"ALLENTOWN, PA"	PA	42	allentpa	103758	3176	726	5294	16696	65743	39244	7155	41307	15338	19362	2295	11640	99827	420165	165	27196
"BETHLEHEM, PA"	PA	42	bethlepa	70419	1563	519	5945	9969	43242	26774	6551	26189	17194	21246	1455	7339	65976	420855	855	18555
"SCRANTON, PA"	PA	42	scrantpa	88117	877	401	443	16601	56687	34814	5417	33561	12515	16219	2138	11052	85438	427698	7698	23288
"MADISON, WI"	WI	55	madisowi	170616	4557	3176	2451	14879	93890	81042	35761	66596	16510	22856	1987	21279	159081	551475	1475	37159
CLOVIS	CA	6	clovisca	33021	531							12430	16426	19361	597	3013	32745			
COLTON	CA	6	coltonca	21310	424							7434	14294	16311	712	2955	21123			
BLOOMFIELD	CT	9	bloomfct	18608	5203							6350	24227	26628	83	578	17964			
WEST HARTFORD	CT	9	wesharct	61301	746							23425	24843	29937	391	2253	59829			
WETHERSFIELD	CT	9	wetherct	26013	102							9484	23284	26358	204	800	25731			
LAWRENCE	IN	18	lawrenin	25591	41							9370	17416	19615	399	1749	23760			
URBANDALE	IA	19	urbandia	17869	153							6451	24728	28065	68	479	17775
WEST DES MOINES	IA	19	wesdesia	21894	224							8314	23575	28229	184	900	21486
EAST GRAND RAPIDS	MI	26	easgrami	10914	75							3717	30402	33626	72	326	10914
KENTWOOD	MI	26	kentwomi	30438	1111							11488	19561	22970	484	2067	30338
WALKER	MI	26	walkermi	15088	85							5500	19230	22491	159	734	14731
BEXLEY	OH	39	bexleyoh	13405	308							4774	25907	30294	106	661	12481
CAMPBELL	OH	39	campbeoh	11619	1192							4047	16366	19008	357	1390	11604
GRANDVIEW HEIGHTS	OH	39	graheioh	7420	0							2991	20614	23199	47	265	7401
NORTH CANTON	OH	39	norcanoh	14228	67							5292	22199	25371	74	327	14062
STRUTHERS	OH	39	struthoh	13624	372							4848	17122	19289	272	1252	13544
TALLMADGE	OH	39	tallmaoh	15269	100							5106	23425	25939	77	438	15213
WORTHINGTON	OH	39	worthioh	15016	325							5021	27644	30966	80	397	14631
MILWAUKIE	OR	41	milwauor	17931	118							7207	18527	21837	256	1221	17796
DUNMORE	PA	42	dunmorpa	16781	36							5964	15362	18403	188	983	16097
EMMAUS	PA	42	emmauspa	11001	0							4192	20375	23191	67	328	10938
MONONA	WI	55	mononawi	8809	29							3637	20105	25516	12	266	8803
WHITEHALL	OH	39	whitehoh	21299	867							8711	19351	19531	303	1570	21255			
ALHAMBRA	CA		alhambca	64615	670	8227	24294	10241	41321	29594	7695	26033	16270	20065	1460	7452	63411	60025		16352
ANAHEIM	CA		anaheica	219311	2711	9147	37591	16987	126639	95709	19348	79677	20026	23112	3355	16693	216268	60070		56382
AURORA	CO		auroraco	158588	10829	3462	8176	6795	90681	79632	22698	58549	21698	23994	1757	8441	155698	80055		42352
BAYONNE	NJ		bayonnnj	65047	2676	533	3438	9672	43039	26416	4723	25441	16886	21072	1362	6189	64656	341135		18020
BELLFLOWER	CA		bellflca	53441	858	2358	7943	5845	31882	21379	2804	21722	16748	19833	1167	5216	52642	60215		14393
BERKELEY	CA		berkelca	103328	20671	10311	5177	11132	62670	54131	32760	44842	13506	20360	2289	20028	95339	60245		19534
BERWYN	IL		berwynil	46849	6	454	1037	10435	33163	18836	3107	19751	17992	23178	522	2502	46595	170495		12982
BOSTON	MA		bostonma	562994	126438	16298	36430	71299	330650	226311	67073	219024	12530	16062	19680	106770	529726	250440		117832
Braddock	PA		braddopa	5634	2670	8	68	1037	3572	1646	94	2329	8594	11130	396	1668	5607			1445
Brookline	MA		brooklma	55062	1060		1162	10408	38268	33558	9692	23729	19536	25389	506	5159				12234
BURBANK	CA		burbanca	84625	537	2247	13716	12764	56766	42724	8403	35984	18207	22504	1335	6460	83609	60340		22776
CAMBRIDGE	MA		cambrima	95322	10405	3474	4360	10871	58013	44192	25001	38955	14211	17845	1951	12593	83266	250610		17719
Carnegie	PA		carnegpa	10099	231	37	58	1827	6824	4115	264	4210	15213	19298	138	841	10092			2753
Chalfant	PA		chalfapa	1119	11		6	168				430								
CHICAGO	IL		chicagil	3005072	1.20E+06	73745	423357	342511	1749574	984081	242053	1094046	15301	18776	119937	601410	2965648	171051		712071
CICERO TOWN	IL		ciceroil	61232	89	444	5246	9737	39457	19359	2463	24111	16730	20804	1113	5427	60721	171085		16340
CINCINNATI	OH		cincinoh	385457	130490	2332	3263	55712	225769	130654	39637	158000	12675	16800	14588	73270	371875	390865		91315
Clairton	PA		clairtopa	12188	3076	12	84	2094	7824	4369	520	4858	13864	17875	465	2091	12110			3415
CLEVELAND	OH		cleveloh	573822	251084	3372	17896	74431	335817	171074	21388	218499	12277	15991	26926	124860	564407	390900		143588
CLEVELAND HEIGHTS	OH		cleheioh	56438	14061	659	583	7483	35387	29508	14014	20834	20762	25419	670	4151	55007	390905		13998
CLIFTON	NJ		cliftonj	74388	432	827	1591	12557	51652	31746	7441	28925	19836	23364	717	3211	73460	341490		21394
COMPTON	CA		comptoca	81286	60874	1430	17162	3275	36727	20863	2014	21705	13456	14292	4378	21238	80485	60590		18380
CRANSTON	RI		cranstri	71992	565	246	412	11704	47577	31521	7357	26117	17320	20651	1168	5043	69297	440090		19612
DAYTON	OH		daytonoh	203371	75136	839	1765	24052	115197	68299	12028	77827	12146	15292	8766	40512	195016	391110		50462
DEARBORN	MI		dearbomi	90660	41	461	1436	14157	59843	41087	10665	34874	22135	26935	1038	5391	90505	260655		25075
DENVER	CO		denverco	492365	59095	8934	92257	61923	309627	231329	76718	212004	15506	19527	12251	65829	480573	80320		119288
DETROIT	MI		detroimi	1203339	758468	7614	28466	140508	683485	370446	56904	433993	13981	17033	54946	258575	1182733	260680		291291
DOWNEY	CA		downeyca	82602	835	2995	13926	9130	52937	38337	7055	32686	20191	23731	1204	5667	80975	60795		22714
Duquesne	PA		duquespa	10094	2352	19	60	1830	6434	3620	279	4058	12682	17058	367	1809	10081			2725
EAST ORANGE	NJ		easoranj	77690	64650	548	1960	8022	45551	30122	5248	28862	13377	16296	3356	15190	75623	341665		18262
East Pittsburgh	PA		easpitpa	2493	72		17	445				1050								
EAST PROVIDENCE	RI		easprori	50980	1746	350	612	8015	32368	18532	3924	18573	16728	19926	802	3556	49845	440120		13635
Edgewood	PA		edgewopa	4382	86		13	620	2756	2385	1052	1690	20833	25045	34	192	4084			1130
El Cerrito	CA		elcerrca	22731	2205	3677	1056	3616	16359	13685	5666	9606	31993	26604	293	579	22651			6502
EVANSTON	IL		evanstil	73706	15791	2130	1450	10410	45546	37617	21053	28008	21715	28264	617	4667	65414	171845		16442
Floral Park	NY		floparny	16805	17		343	2504	10697	7929	1260	5780	23263	22081	192	812	13383			4540
GARDEN GROVE	CA		gargroca	123307	822	7368	16539	9073	70224	52268	9397	41863	21374	23635	1976	10070	121595	61110		32268
Glassport	PA		glasspopa	6242	19		28	956	4095	2262	201	2322	16136	20378	89	390	6242			1741
GLENDALE	CA		glendaca	139060	453	8359	24717	22687	93986	71793	20261	59413	17205	21778	2899	13811	136300	61130		36299
Homestead	PA		homestpa	5092	1877		60	1223	3514	1658	203	2415	8262	12886	224	1156	5073			1301
INDEPENDENCE	MO		indepemo	111806	804	505	1328	12202	67258	47731	7812	42375	19248	22053	1576	7310	111000	292125		32084
Inghram / Ingram	PA		inghrapa	4346	40		13	694	2832	1986	271	1736	16135	19850	55	320	4346			1204
INGLEWOOD	CA		inglewca	94245	54029	2095	17845	7860	53752	39633	6991	36907	15016	17370	3000	14260	92368	61340		23080
IRVINGTON TOWN	NJ		irvingnj	61493	23429	1144	5289	8897	39047	22632	3810	24821	14342	17382	2036	8971	61231	342265		16135
JERSEY CITY	NJ		jercitnj	223532	61957	10384	41757	26283	130101	66589	15176	80961	12787	16108	10535	46892	221204	342290		55832
KANSAS CITY	KS		kancitks	161087	40758	1411	7681	18892	91502	56159	8145	59801	15210	18435	4884	23002	159669	21430		42914
KANSAS CITY	MO		kancitmo	448159	122336	3591	14643	55148	269297	187425	44658	175501	15859	20034	10684	57965	440001	292220		113081
KEARNY TOWN	NJ		kearnynj	35735	57	397	3214	4639	22682	13020	1806	12947	18844	21622	697	2889	35634	342300		9770
KETTERING	OH		ketteroh	61186	174	540	264	7387	39292	31865	9388	24300	20687	24894	495	2534	60750	392025		17344
LAKEWOOD	CA		lakewoca	74654	1536	2558	8649	5639	45359	34284	4998	25797	23061	24752	872	3899	74457	61455		20903
LAKEWOOD	OH		lakewooh	61963	191	532	562	9363	39416	30368	8688	26974	17201	22467	699	3902	61603	392120		15198
LONG BEACH	CA		longbeca	361334	40463	22025	50450	50674	226401	164947	40835	151913	15394	19650	9393	49701	350075	61610		87533
LOS ALTOS	CA		losaltca	25769	22	1093	656	3101	17687	16340	8436	9112	36525	39904	127	655	25298	61620		7497
LOS ANGELES	CA		losangca	2966850	504301	206536	815305	314216	1803580	1237317	357554	1137269	15735	19467	90604	477976	2907573	61630		699277
Mc Kees Rock	PA		mckrocpa	8742	790		52	1595	5687	2885	218	3567	12042	15453	380	1455	8711			2423
MCKEESPORT	PA		mckeespa	31012	4232	24	295	5568	20163	11376	1375	12294	12971	17129	929	4438	30774	426158		8370
MINNEAPOLIS	MN		minneamn	370951	28469	5358	4762	57030	232358	173721	55118	162171	14351	19737	7487	48029	355371	272585		83583
MOLINE	IL		molineil	45709	529	332	2539	6036	27798	20369	4127	18082	20012	24017	585	3098	45342	173805		12648
MONTCLAIR TOWN	NJ		montclnj	38321	11150	494	760	6222	25794	20792	10368	14469	23375	30635	432	2700	37649	342780		9835
Mount Oliver	PA		mouolipa	4576	17		18	806	2930	1535	70	1843	14141	17634	111	477	5639			1250
MOUNT VERNON	NY		mtvernny	66713	32313	789	3405	9767	42496	27160	5962	25249	15993	20108	2204	9604	65839	362390		17493
MOUNTAIN VIEW	CA		mouvieca	58655	2221	6484	6731	5400	39105	32716	12138	27609	19790	23324	639	3990	57957	61860		13943
Munhall	PA		munhalpa	14532	53	22	66	2547	9859	6681	938	5620	19113	22147	186	924	14459			4161
NEW YORK	NY		newyorny	7071639	1.80E+06	245759	1.40E+06	951732	4485849	2699212	776557	2792614	13854	16818	304031	1.40E+06	6963692	362505		1770999
NEWARK	NJ		newarknj	329248	191968	2421	61322	28838	175039	77983	11093	111366	10118	11989	23677	106895	326105	342895		79080
North Arlington	NJ		norarlnj	16587	7	194	557	2740	11507	6992	1327	6490	19779	23609	157	787	16587			4827
North Braddock	PA		norbrapa	8711	1275		61	1435	5699	3174	208	3344	13218	16959	217	1072	8699			2330
NORWALK	CA		norwalca	85286	1428	3963	34214	5225	45257	26376	2866	25290	19467	20784	1741	8731	83219	61950		21023
OAK PARK VILLAGE	IL		oakparil	54887	5942	1339	1360	7754	35226	29579	13867	22480	20601	27413	375	2766	54502	174295		13373
OAKLAND	CA		oaklanca	339337	159351	28053	32133	44795	215024	153653	46806	142417	13780	17651	12882	61609	333263	61970		80624
PALO ALTO	CA		palaltca	55225	1260	3382	2164	7408	38213	34882	20635	23102	24743	31796	345	3248	54115	62090		13594
PASADENA	CA		pasadeca	118550	24554	6507	21784	17686	74905	57876	22097	47034	16291	20848	3010	16181	114920	62125		28100
PASSAIC	NJ		passainj	52463	10369	1621	17785	6500	30709	14879	3446	19191	12267	14929	2778	12219	52036	343110		13221
PATERSON	NJ		patersnj	137970	47114	704	39551	14274	75033	31789	4641	46178	11999	14323	7493	34514	137150	343115		34207
PAWTUCKET	RI		pawtucri	71204	965	183	2313	11490	44982	22396	3848	28074	13631	17407	1767	8249	70642	440380		19221
PITTSBURGH	PA		pittsbpa	423938	101549	2818	3370	67929	266077	162665	38866	166399	13408	17499	12424	67285	406915	427234		104130
Port Vue	PA		porvuepa	5316	0		26	655	3415	2110	167	1861	19154	20787	65	369	5295			1537
PROVIDENCE	RI		providri	156804	18679	3012	8648	24057	91922	49070	14406	60143	11437	14948	5703	29941	147034	440400		37202
Rankin	PA		rankinpa	2892	1294		21	530	1835	974	60	1134	10465	12938	206	738	2889			799
REDONDO BEACH	CA		redondca	57102	784	2110	6549	3825	36525	30407	8764	24699	21829	24286	782	4405	56836	62300		13848
RICHMOND	CA		richmoca	74676	35799	3807	7981	7836	44087	29686	6032	28218	15597	18232	2931	12226	73967	62330		19727
ROCK ISLAND	IL		rocislil	47036	7016	207	1790	6553	27153	18764	3757	17586	17785	21750	1087	5526	44857	174970		12165
SAN JOSE	CA		sanjosca	629442	28792	53205	140318	39128	345907	264149	72978	209905	22886	25598	9913	50569	619018	62510		157258
SANTA ANA	CA		sananaca	203713	8032	13641	90652	15072	108230	64584	12976	64182	18362	20193	4651	27996	199615	62570		46150
SANTA CLARA	CA		sanclaca	87746	1617	7882	12858	7128	52650	40473	10883	34090	21717	25487	866	4958	84855	62580		21685
SANTA MONICA	CA		santamca	88314	3565	3686	11468	14478	64109	52558	21545	43944	16604	22263	1289	8537	86494	62600		19639
SKOKIE VILLAGE	IL		skokieil	60278	392	4546	1806	8788	41815	34103	11939	22477	27402	30858	348	1508	59735	175365		18298
SOMERVILLE	MA		somervma	77372	1345	670	1564	10495	47294	29303	7738	29638	14401	18220	1729	9345	75199	253920		17980
ST. LOUIS	MO		stlouimo	453085	206170	2214	5380	79920	273572	131928	27380	178450	11511	15265	17924	96849	444308	293875		107989
ST. PAUL	MN		stpaulmn	270230	13018	5345	7553	40587	161546	116923	31954	106177	16029	20743	5223	28294	259970	273425		65089
Stowe Township	PA		stowepa	9202	31		49	1591	6106	3340	297	3637	14635	17887	334	1313	9185			2712
Swissvale	PA		swissvpa	11345	664	43	65	2041	7681	4926	916	4587	16084	18872	199	822	11259			3110
TORRANCE	CA		torranca	129881	828	13875	10912	11050	82346	68875	18164	49650	24152	28641	1240	6098	128599	62910		34895
Turtle Creek	PA		turcrepa	6959	17		40	1249	4616	2920	282	2879	14449	17630	115	681	6955			1971
UNION CITY	NJ		unicitnj	55593	1385	824	35562	6400	34133	14417	2839	20747	12511	14854	2748	11267	55509	343802		14830
UNIVERSITY CITY	MO		unicitmo	42738	18367	664	400	6646	26962	20346	8834	16822	18034	22128	743	4370	42395	294320		11271
Wall	PA		wallpa	989	18	0		143		0										
West Homestead	PA		weshompa	3128	118		21	410	2061	1249	141	1222	19397	22317	90	377	3128			943
Whitaker	PA		whitakpa	1615	12		8	278				608								
Wilkinsburg	PA		wilkinpa	23669	8794	123	116	4133	15788		2989	10526	13485	17306	670	3215	23386			6076
Wilmerding	PA		wilmerpa	2421	45		22	572				1086								
Wyoming	OH		wyominoh	8282	846		88	974	5306	4695	2866	2936	30452	34088	35	199	8282			2383
YONKERS	NY		yonkerny	195351	20681	3472	16942	28943	126969	85687	22383	73883	18719	22192	4364	18932	192838	364075		52941
