Statefip	County	SMSA	tract1	jurcode	borderno	block1	tierno	oddshape	tracks	pairno	pop_tot_block	flaggq	perund18	pernoplumb	persingfam	valprm	lnvalprm	house_ownocc	rentprm	lnrentprm	perblack	house_rent	peroo
39	113	Dayton	55	daytonoh	67	201	1	Y		1	234	0	0.35	0	1	13943.35512	9.542758338	71	.	.	0	1	0.986111111
39	113	Dayton	55	daytonoh	67	202	6	Y		1	43	0	0.47	0	1	14253.39367	9.564750309	11	.	.	0	1	0.916666667
39	113	Dayton	55	daytonoh	67	203	6	Y		1	83	0	0.4	0.04	1	14225.29796	9.562777205	22	.	.	0.02	0	1
39	113	Dayton	55	daytonoh	67	204	2	Y		1	188	0	0.32	0	0.982758621	15071.12649	9.620536039	52	115.7407407	4.751352696	0	5	0.912280702
39	113	Dayton	55	daytonoh	67	205	2	Y		1	134	0	0.49	0.03125	1	14845.93838	9.605481597	31	.	.	0	0	1
39	113	Dayton	55	daytonoh	67	206	1			1	18	0	0.22	0	1	13762.48613	9.529701773	7	.	.	0	0	1
39	113	Dayton	55	daytonoh	67	207	1			1	22	0	0.27	0	0	.	.	0	.	.	.	0	.
39	113	Dayton	55	daytonoh	67	208	1			1	13	0	0.39	0	0	.	.	0	.	.	.	0	.
39	113	Dayton	55	daytonoh	67	210	1			1	36	0	0.22	0	0.6875	15206.08243	9.629450787	11	116.3398693	4.756515815	0	5	0.6875
39	113	Dayton	55	daytonoh	67	211	1			1	31	0	0.23	0	1	13533.25644	9.512905375	12	.	.	0	2	0.857142857
39	113	Dayton	55	daytonoh	67	212	2			1	50	0	0.16	0.04	0.88	12141.77979	9.404407659	21	.	.	0	4	0.84
39	113	Dayton	55	daytonoh	67	213	2			1	69	0	0.16	0	0.903225806	12254.90196	9.413681296	24	87.98185941	4.47713065	0	7	0.774193548
39	113	Dayton	55	daytonoh	67	214	1			1	51	0	0.14	0	0.9	12313.72549	9.418469813	17	.	.	0	3	0.85
39	113	Dayton	55	daytonoh	67	301	1			1	19	0	0.21	0	0.714285714	.	.	4	.	.	0	3	0.571428571
39	113	Dayton	55	daytonoh	67	302	1	Y		1	25	0	0.28	0	1	12862.7451	9.462090435	11	.	.	0	0	1
39	113	Dayton	55	daytonoh	67	303	1	Y		1	47	0	0.21	0	1	12181.89403	9.407706033	21	.	.	0	0	1
39	113	Dayton	55	daytonoh	67	304	1	Y		1	49	0	0.25	0	0.9	13480.39216	9.508991476	17	.	.	0	2	0.894736842
39	113	Dayton	55	daytonoh	67	305	1			1	37	0	0.24	0	1	11692.08424	9.366667331	8	.	.	0	4	0.666666667
39	113	Dayton	55	daytonoh	67	306	2			1	72	0	0.22	0	0.870967742	13273.00151	9.493487289	22	96.47696477	4.569304273	0	8	0.733333333
39	113	Dayton	55	daytonoh	67	307	2			1	68	0	0.16	0	0.903225806	12392.15686	9.42481904	25	114.2857143	4.738701579	0	6	0.806451613
39	113	Dayton	55	daytonoh	67	308	2			1	47	0	0.13	0	1	12535.01401	9.436281128	17	.	.	0	3	0.85
39	113	Dayton	55	daytonoh	67	309	2			1	25	0	0.28	0	1	12134.66519	9.403821527	9	.	.	0	1	0.9
39	113	Dayton	55	daytonoh	67	310	2	Y		1	26	0	0.08	0.083333333	0.75	11474.21932	9.347857999	9	.	.	0	3	0.75
39	113	Dayton	55	daytonoh	67	311	3			1	45	0	0.07	0.043478261	0.956521739	1391.772395	7.238333318	22	.	.	0	1	0.956521739
39	113	Dayton	55	daytonoh	67	312	3			1	37	0	0.03	0	0.052631579	11226.45136	9.326028002	16	.	.	0	2	0.888888889
39	113	Dayton	55	daytonoh	67	313	3			1	51	0	0.14	0	1	13398.69281	9.50291243	23	.	.	0	0	1
39	113	Dayton	55	daytonoh	67	314	4			1	83	0	0.27	0	0.933333333	13840.83045	9.535378231	24	106.6666667	4.669708707	0	6	0.8
39	113	Dayton	55	daytonoh	67	315	4			1	22	0	0.05	0	0.75	13845.53822	9.535718309	9	.	.	0	3	0.75
39	113	Dayton	55	daytonoh	67	316	4			1	56	1	0.09	0	0.625	12784.31373	9.455974208	16	149.4949495	5.00726261	0	8	0.666666667
39	113	Dayton	55	daytonoh	67	317	5			1	47	0	0.19	0	0.8	11840.12066	9.3792491	15	96.2962963	4.567429858	0	5	0.75
39	113	Dayton	55	daytonoh	67	401	5	Y		1	120	0	0.12	0	0.457627119	12345.67901	9.421061403	22	127.5362319	4.848400496	0	36	0.379310345
39	113	Dayton	55	daytonoh	67	402	4			1	58	0	0.16	0	0.964285714	12745.09804	9.452902009	26	.	.	0	2	0.928571429
39	113	Dayton	55	daytonoh	67	403	4			1	78	0	0.22	0	1	12443.43891	9.428948768	28	.	.	0.01	0	1
39	113	Dayton	55	daytonoh	67	404	2			1	52	1	0.22	.	.	.	.	0	.	.	0	3	0
39	113	Dayton	55	daytonoh	67	405	2			1	68	0	0.15	0	1	12244.89796	9.412864636	25	.	.	0	3	0.892857143
39	113	Dayton	55	daytonoh	67	406	1			1	22	0	0.32	0	0.875	11622.10339	9.360664028	6	.	.	0	2	0.75
39	113	Dayton	55	daytonoh	67	407	1			1	17	0	0.59	0	0	.	.	0	.	.	.	0	.
39	113	Dayton	55	daytonoh	67	408	1			1	19	0	0.42	0	1	11613.87632	9.359955897	6	.	.	0	0	1
39	113	Dayton	55	daytonoh	67	409	1			1	4	0	0	0	0	.	.	0	.	.	.	0	.
39	113	Dayton	55	daytonoh	67	411	2			1	58	0	0.26	0	0.916666667	11764.70588	9.372859301	17	106.8783069	4.671690868	0	6	0.739130435
39	113	Dayton	55	daytonoh	67	412	2			1	66	0	0.15	0	0.857142857	10884.35374	9.2950816	23	.	.	0	5	0.821428571
39	113	Dayton	55	daytonoh	67	413	4			1	58	0	0.21	0.043478261	1	13466.51868	9.507961786	23	.	.	0	0	1
39	113	Dayton	55	daytonoh	67	414	4			1	39	0	0.18	0	1	12645.05802	9.445021748	15	.	.	0	0	1
39	113	Dayton	55	daytonoh	67	415	5			1	50	0	0.44	0	0.833333333	11764.70588	9.372859301	11	.	.	0	1	0.916666667
39	113	Dayton	55	daytonoh	67	416	5			1	65	0	0.31	0	1	11764.70588	9.372859301	20	.	.	0	2	0.909090909
39	113	Dayton	55	daytonoh	67	417	7	Y		1	52	0	0.19	0.038461538	0.692307692	11303.34487	9.332853967	17	115.3153153	4.747670249	0	9	0.653846154
39	113	Dayton	55	daytonoh	67	502	7	Y		1	72	0	0.11	0	0.818181818	11990.95023	9.391907496	26	112.5925926	4.723775928	0	6	0.8125
39	113	Dayton	55	daytonoh	67	503	6			1	142	0	0.2	0.017241379	0.706896552	11921.56863	9.386104528	31	116.0493827	4.754015814	0	27	0.534482759
39	113	Dayton	55	daytonoh	67	504	5			1	72	0	0.22	0	0.8	12164.86595	9.406307236	22	109.4017094	4.695026515	0	8	0.733333333
39	113	Dayton	55	daytonoh	67	505	4			1	75	0	0.15	0	1	12841.21492	9.460415192	26	.	.	0	4	0.866666667
39	113	Dayton	55	daytonoh	67	506	3			1	72	0	0.21	0	1	11995.38639	9.392277387	26	.	.	0	3	0.896551724
39	113	Dayton	55	daytonoh	67	507	3			1	43	0	0.35	0	0.866666667	12971.34238	9.470497771	15	.	.	0	0	1
39	113	Dayton	55	daytonoh	67	508	5			1	75	0	0.25	0.035714286	1	13767.20901	9.530044885	25	.	.	0	3	0.892857143
39	113	Dayton	55	daytonoh	67	509	6			1	61	0	0.25	0	0.92	11294.11765	9.332037307	23	.	.	0	2	0.92
39	113	Dayton	55	daytonoh	67	510	8			1	83	0	0.16	0	0.777777778	11294.11765	9.332037307	27	126.4957265	4.840208525	0	9	0.75
39	113	Dayton	55	daytonoh	67	511	8			1	11	0	0.09	0	1	.	.	2	.	.	0	3	0.4
39	113	Dayton	55	daytonoh	67	514	8			1	72	0	0.24	0	0.896551724	10784.31373	9.285847924	19	100.8130081	4.613267396	0	10	0.655172414
39	113	Dayton	55	daytonoh	67	515	7			1	55	0	0.16	0	1	12404.96198	9.425851832	20	.	.	0	2	0.909090909
39	113	Dayton	55	daytonoh	67	516	5	Y		1	124	0	0.24	0	0.68627451	13767.20901	9.530044885	31	123.7237237	4.818051045	0	19	0.62
39	113	Dayton	55	daytonoh	67	517	3	Y		1	364	0	0.34	0.008403361	0.890756303	13197.58673	9.487789268	99	107.1225071	4.673973106	0	19	0.838983051
39	113	Dayton	55	daytonoh	67	618	4			1	47	0	0.15	0	1	12764.32141	9.454409168	16	.	.	0	2	0.888888889
39	113	Dayton	54	daytonoh	67	217	1	Y		1	150	0	0.21	0	0.424657534	16714.88267	9.72405478	28	156.1561562	5.050856508	0	43	0.394366197
39	113	Dayton	54	daytonoh	67	301	1	Y		1	231	0	0.1	0	0.287878788	15107.68242	9.622958663	32	189.2473118	5.243054688	0	86	0.271186441
39	113	Dayton	54	daytonoh	67	409	1	Y		1	50	0	0.2	0	1	15760.26637	9.665247265	21	.	.	0	1	0.954545455
39	113	Dayton	54	daytonoh	67	411	1	Y		1	26	0	0.12	0	1	13725.4902	9.527009981	8	.	.	0	0	1
39	113	Dayton	54	daytonoh	67	412	1			1	29	0	0.21	0	1	15424.8366	9.643734256	10	.	.	0	0	1
39	113	Dayton	54	daytonoh	67	413	1	Y		1	56	0	0.34	0	0.777777778	15626.8568	9.656746303	14	.	.	0	3	0.823529412
39	113	Dayton	209	ketteroh	67	101	1	Y		1	272	0	0.28	0	0.366336634	14401.62272	9.575096168	30	125.6038647	4.833133024	0	67	0.309278351
39	113	Dayton	209	ketteroh	67	102	1			1	34	0	0	0	0	.	.	0	112.6614987	4.724387736	0	21	0
39	113	Dayton	210	ketteroh	67	101	1	Y		1	165	0	0.33	0	0.963636364	14775.91036	9.600753456	50	.	.	0	5	0.909090909
39	113	Dayton	210	ketteroh	67	102	1			1	88	0	0.39	0	1	12549.01961	9.437397823	20	.	.	0	4	0.833333333
39	113	Dayton	210	ketteroh	67	109	1			1	17	0	0.35	0	1	16209.15033	9.693331197	5	.	.	0	0	1
39	113	Dayton	210	ketteroh	67	110	1	Y		1	77	0	0.29	0	0.774193548	15067.07946	9.620267475	22	150.7936508	5.015912351	0	8	0.733333333
39	113	Dayton	210	ketteroh	67	113	1	Y		1	81	1	0.1	0	0.380952381	13184.58418	9.486803561	12	145.4545455	4.979863635	0	30	0.285714286
39	113	Dayton	211	ketteroh	67	101	1	Y		1	77	0	0.34	0.076923077	1	10084.03361	9.218708622	20	88.88888889	4.48738715	0	6	0.769230769
39	113	Dayton	211	ketteroh	67	102	1			1	26	0	0.35	0	1	11921.56863	9.386104528	7	.	.	0	3	0.7
39	113	Dayton	211	ketteroh	67	103	1			1	15	0	0.53	0	1	11217.51026	9.325231252	8	.	.	0	0	1
39	113	Dayton	211	ketteroh	67	104	1			1	30	0	0.37	0	1	9725.490196	9.182505573	9	.	.	0	1	0.9
39	113	Dayton	211	ketteroh	67	105	1			1	36	0	0.33	0.076923077	0.846153846	12149.17339	9.405016413	10	.	.	0	3	0.769230769
39	113	Dayton	211	ketteroh	67	106	1			1	13	0	0.15	0	1	11010.55807	9.306609916	6	.	.	0	0	1
39	113	Dayton	211	ketteroh	67	107	1			1	30	0	0.23	0	1	14039.21569	9.549609813	9	.	.	0.02	0	1
39	113	Dayton	211	ketteroh	67	108	2			1	57	0	0.25	0.05	1	10724.28972	9.280266515	16	.	.	0	3	0.842105263
39	113	Dayton	211	ketteroh	67	109	2			1	55	0	0.26	0	0.9	.	.	15	.	.	0	5	0.75
39	113	Dayton	211	ketteroh	67	110	2			1	62	0	0.24	0	1	10728.81983	9.280688842	20	.	.	0	1	0.952380952
39	113	Dayton	211	ketteroh	67	111	2			1	43	0	0.26	0	1	10487.9161	9.257979025	9	92.37472767	4.525853431	0	7	0.5625
39	113	Dayton	211	ketteroh	67	112	3			1	63	0	0.32	0	0.947368421	12379.8539	9.423825745	17	.	.	0	2	0.894736842
39	113	Dayton	211	ketteroh	67	113	3			1	40	0	0.35	0.066666667	0.866666667	9523.809524	9.161550208	11	.	.	0	4	0.733333333
39	113	Dayton	211	ketteroh	67	114	4			1	6	0	0.17	0	0	.	.	0	.	.	.	0	.
39	113	Dayton	211	ketteroh	67	115	3			1	29	0	0.31	0	0.333333333	.	.	5	138.4615385	4.930592586	0	9	0.357142857
39	113	Dayton	211	ketteroh	67	116	3			1	64	0	0.34	0	0.9	10680.01669	9.276129675	15	93.71980676	4.540309552	0	5	0.75
39	113	Dayton	211	ketteroh	67	117	2			1	84	0	0.24	0	0.777777778	12841.21492	9.460415192	23	97.77777778	4.58269733	0	11	0.676470588
39	113	Dayton	211	ketteroh	67	119	1			1	43	0	0.26	0	0.882352941	13960.78431	9.544007558	15	.	.	0	2	0.882352941
39	113	Dayton	211	ketteroh	67	201	1	Y		1	55	0	0.22	0	0.636363636	12702.47229	9.449551922	16	60.81871345	4.107897529	0	6	0.727272727
39	113	Dayton	211	ketteroh	67	202	2	Y		1	311	0	0.29	0.009009009	0.459459459	12374.72767	9.423411581	62	58.58585859	4.070493346	0	47	0.568807339
39	113	Dayton	211	ketteroh	67	203	3	Y		1	310	0	0.27	0.008064516	0.338709677	.	.	49	57.14285714	4.045554398	0	75	0.39516129
39	113	Dayton	211	ketteroh	67	204	6	Y		1	80	0	0.3	0	0.290322581	.	.	10	57.77777778	4.056604234	0	21	0.322580645
39	113	Dayton	211	ketteroh	67	205	4	Y		1	50	0	0.38	0	0.222222222	.	.	11	55.81395349	4.022023901	0	7	0.611111111
39	113	Dayton	211	ketteroh	67	206	2	Y		1	70	0	0.19	0.03030303	0.272727273	.	.	19	53.74677003	3.984283573	0	14	0.575757576
39	113	Dayton	211	ketteroh	67	208	5	Y		1	303	1	0.26	0.009259259	0.259259259	.	.	57	57.45257453	4.050959817	0	50	0.53271028
39	113	Dayton	211	ketteroh	67	209	6	Y		1	269	0	0.31	0.05	0.41	13992.86988	9.546303184	63	57.14285714	4.045554398	0	36	0.636363636
39	113	Dayton	211	ketteroh	67	301	5			1	78	0	0.42	0	1	11764.70588	9.372859301	18	107.3170732	4.675787753	0	7	0.72
39	113	Dayton	211	ketteroh	67	302	5			1	69	0	0.29	0.041666667	1	12549.01961	9.437397823	22	.	.	0	2	0.916666667
39	113	Dayton	211	ketteroh	67	303	3			1	136	0	0.39	0.027027027	1	12394.95798	9.425045055	30	98.41269841	4.589169845	0	7	0.810810811
39	113	Dayton	211	ketteroh	67	304	3			1	64	0	0.3	0.045454545	1	12313.72549	9.418469813	21	.	.	0	1	0.954545455
39	113	Dayton	211	ketteroh	67	305	4			1	66	0	0.36	0.045454545	1	13285.31413	9.494414503	18	.	.	0	4	0.818181818
39	113	Dayton	211	ketteroh	67	306	2			1	48	0	0.13	0.043478261	1	12477.71836	9.431699801	18	95.37037037	4.557767947	0	5	0.782608696
39	113	Dayton	211	ketteroh	67	307	1			1	37	0	0.41	0.066666667	1	12676.69859	9.44752083	14	.	.	0	1	0.933333333
39	113	Dayton	211	ketteroh	67	308	1			1	17	0	0.41	0	1	.	.	4	.	.	0	1	0.8
39	113	Dayton	211	ketteroh	67	309	1			1	25	0	0.32	0	1	12134.66519	9.403821527	9	.	.	0	0	1
39	113	Dayton	211	ketteroh	67	310	1	Y		1	471	0	0.3	0.011235955	0.426966292	12055.19245	9.397250755	66	120.7977208	4.794117418	0.006228571	109	0.377142857
39	113	Dayton	211	ketteroh	67	311	4	Y		1	207	0	0.27	0.022727273	0.295454545	13689.83957	9.5244092	19	120.7977208	4.794117418	0	67	0.220930233
39	113	Dayton	211	ketteroh	67	312	3	Y		1	253	0	0.27	0.009259259	0.111111111	.	.	0	111.6809117	4.715645802	0	107	0
39	113	Dayton	211	ketteroh	67	313	3			1	245	0	0.27	0	0.093457944	.	.	1	116.9590643	4.761823996	0	103	0.009615385
39	113	Dayton	211	ketteroh	67	314	3			1	93	0	0.24	0.022727273	0.090909091	.	.	0	114.619883	4.741621289	0	42	0
39	113	Dayton	211	ketteroh	67	315	5			1	94	0	0.23	0	0.0625	.	.	0	113.4502924	4.731364789	0	46	0
39	113	Dayton	212	ketteroh	67	101	7	Y		1	509	0	0.36	0.021621622	0.675675676	15098.03922	9.622320161	93	192.5925926	5.260577039	0	80	0.537572254
39	113	Dayton	212	ketteroh	67	102	7			1	92	0	0.51	0.047619048	1	14047.41001	9.550193317	21	.	.	0	0	1
39	113	Dayton	212	ketteroh	67	103	7			1	49	0	0.31	0.071428571	1	14200.83185	9.561055823	13	.	.	0	1	0.928571429
39	113	Dayton	212	ketteroh	67	104	8			1	51	0	0.45	0	1	14781.29713	9.601117953	12	.	.	0	0	1
39	113	Dayton	212	ketteroh	67	105	7	Y		1	208	0	0.4	0	1	16456.58263	9.708480836	54	.	.	0	2	0.964285714
39	113	Dayton	212	ketteroh	67	106	2			1	102	0	0.4	0.083333333	1	12844.55811	9.460675507	24	.	.	0	0	1
39	61	Cincinnati	60	cincinoh	68	109	4			1	108	0	0.43	0.052631579	0.131578947	11215.68627	9.325068638	10	103.7037037	4.64153783	0	23	0.303030303
39	61	Cincinnati	60	cincinoh	68	111	6			1	93	0	0.3	0	0.121212121	.	.	5	111.1111111	4.710530702	0	28	0.151515152
39	61	Cincinnati	60	cincinoh	68	209	8	Y		1	133	0	0.35	0.02173913	0.347826087	10728.81983	9.280688842	24	103.3033033	4.637669353	0	18	0.571428571
39	61	Cincinnati	60	cincinoh	68	210	7	Y		1	107	0	0.27	0.025641026	0.435897436	12490.92229	9.432757443	22	105.2631579	4.65646348	0	15	0.594594595
39	61	Cincinnati	60	cincinoh	68	211	7	Y		1	41	0	0.46	0.076923077	0.153846154	.	.	3	104.1269841	4.645611156	0	10	0.230769231
39	61	Cincinnati	60	cincinoh	68	301	4			1	26	0	0.15	0	0.545454545	11038.48947	9.309143487	9	.	.	0	1	0.9
39	61	Cincinnati	60	cincinoh	68	302	7			1	98	0	0.2	0.043478261	0.239130435	11359.02637	9.337767982	12	103.7037037	4.64153783	0	29	0.292682927
39	61	Cincinnati	60	cincinoh	68	308	8			1	99	0	0.25	0.029411765	0.617647059	11474.21932	9.347857999	23	83.83838384	4.428890944	0	11	0.676470588
39	61	Cincinnati	60	cincinoh	68	309	7			1	68	0	0.24	0.0625	0.34375	10634.76238	9.271883384	14	94.73684211	4.551102965	0	16	0.466666667
39	61	Cincinnati	60	cincinoh	68	401	3			1	119	0	0.35	0.048780488	0.365853659	11610.91888	9.359701217	16	101.2345679	4.617440279	0	25	0.390243902
39	61	Cincinnati	60	cincinoh	68	402	1			1	127	0	0.39	0	0.512820513	10574.22969	9.266175159	26	91.16809117	4.512704958	0	13	0.666666667
39	61	Cincinnati	60	cincinoh	68	403	1			1	64	0	0.25	0.04	0.52	10656.43649	9.273919354	14	94.05684755	4.543899361	0	10	0.583333333
39	61	Cincinnati	60	cincinoh	68	404	2			1	188	1	0.26	0.027777778	0.583333333	11172.771	9.321234936	45	88.88888889	4.48738715	0	26	0.633802817
39	61	Cincinnati	60	cincinoh	68	405	3			1	60	0	0.18	0.034482759	0.689655172	11690.71402	9.366550132	21	.	.	0	5	0.807692308
39	61	Cincinnati	60	cincinoh	68	406	4			1	132	0	0.32	0	0.577777778	10965.86783	9.302542803	29	98.64498645	4.59152741	0	16	0.644444444
39	61	Cincinnati	60	cincinoh	68	407	5			1	146	1	0.34	0.02	0.6	10695.18717	9.277549122	28	104.0650407	4.645016095	0	20	0.583333333
39	61	Cincinnati	60	cincinoh	68	408	6			1	148	0	0.28	0	0.230769231	10724.28972	9.280266515	19	114.1141141	4.737198949	0	43	0.306451613
39	61	Cincinnati	226	wyominoh	68	304	8			1	31	0	0.45	0	1	14504.43191	9.582209531	7	.	.	0	1	0.875
39	61	Cincinnati	226	wyominoh	68	305	8			1	26	0	0.35	0	0.777777778	12894.64939	9.464567728	7	.	.	0	2	0.777777778
39	61	Cincinnati	226	wyominoh	68	306	8			1	62	0	0.29	0	0	.	.	0	64.32748538	4.163986995	0	26	0
39	61	Cincinnati	226	wyominoh	68	307	7			1	28	0	0.04	0	0.428571429	11044.41777	9.3096804	9	95.0617284	4.554526453	0	5	0.642857143
39	61	Cincinnati	226	wyominoh	68	308	7			1	60	0	0.35	0.15	0.4	13664.21569	9.522535701	8	100.2849003	4.608015138	0	12	0.4
39	61	Cincinnati	226	wyominoh	68	309	7			1	54	0	0.35	0	0.466666667	10084.03361	9.218708622	8	82.53968254	4.413279178	0	7	0.533333333
39	61	Cincinnati	226	wyominoh	68	401	6			1	49	0	0.45	0	1	12901.39244	9.465090526	12	.	.	0	0	1
39	61	Cincinnati	226	wyominoh	68	402	6			1	47	0	0.26	0	0.875	10834.16417	9.29045977	15	.	.	0	1	0.9375
39	61	Cincinnati	226	wyominoh	68	403	4			1	118	0	0.28	0.054054054	0.918918919	12141.77979	9.404407659	34	.	.	0.027567568	3	0.918918919
39	61	Cincinnati	226	wyominoh	68	404	4			1	142	0	0.25	0	0.6875	13119.42959	9.481849585	33	117.7177177	4.768289536	0	15	0.6875
39	61	Cincinnati	226	wyominoh	68	405	3			1	47	0	0.13	0	0.777777778	12578.61635	9.439753536	15	.	.	0	3	0.833333333
39	61	Cincinnati	226	wyominoh	68	406	1	Y		1	112	0	0.24	0	0.615384615	12207.46363	9.409802817	27	97.56097561	4.580477573	0	12	0.692307692
39	61	Cincinnati	226	wyominoh	68	407	1			1	73	0	0.29	0	0.75	12642.66901	9.444832801	16	119.1919192	4.78073496	0	8	0.666666667
39	61	Cincinnati	226	wyominoh	68	408	2	Y		1	130	0	0.41	0	0.810810811	13677.66619	9.523519576	28	76.59574468	4.338541523	0	9	0.756756757
39	61	Cincinnati	226	wyominoh	68	501	6	Y		1	68	0	0.52	0	0.866666667	15178.77739	9.627653507	14	.	.	0	1	0.933333333
39	61	Cincinnati	226	wyominoh	68	502	7			1	39	0	0.33	0	0.769230769	20773.71489	9.941443759	11	.	.	0	2	0.846153846
39	61	Cincinnati	226	wyominoh	68	503	6	Y		1	74	0	0.43	0	0.9	16742.08145	9.725680676	17	.	.	0	2	0.894736842
39	61	Cincinnati	226	wyominoh	68	504	5			1	48	0	0.33	0	0.722222222	18558.40928	9.828678296	14	.	.	0	4	0.777777778
39	61	Cincinnati	226	wyominoh	68	505	4			1	63	0	0.27	0	0.904761905	16839.67705	9.73149311	19	.	.	0	2	0.904761905
39	61	Cincinnati	226	wyominoh	68	506	2			1	74	0	0.31	0	0.793103448	14014.78624	9.547868211	26	.	.	0	3	0.896551724
39	61	Cincinnati	226	wyominoh	68	708	8			1	74	0	0.38	0	0.6	15421.8991	9.643543798	9	116.9590643	4.761823996	0	11	0.45
39	35	Cleveland	1011	cleveloh	24	305	6			1	743	0	0.12	0.006802721	0.054421769	12490.92229	9.432757443	42	163.8095238	5.098704313	0.017975904	373	0.101204819
39	35	Cleveland	1011	cleveloh	24	402	8			1	245	0	0.31	0	0.1625	14063.55646	9.551342082	30	89.76034858	4.497143325	0	49	0.379746835
39	35	Cleveland	1011	cleveloh	24	403	7			1	228	0	0.34	0.025641026	0.153846154	12628.78033	9.443733641	32	91.50326797	4.516374687	0	43	0.426666667
39	35	Cleveland	1011	cleveloh	24	404	6			1	167	0	0.35	0	0.274509804	12377.45098	9.423631627	28	91.14877589	4.512493071	0	23	0.549019608
39	35	Cleveland	1011	cleveloh	24	405	5			1	70	0	0.41	0.052631579	0.473684211	9750.927398	9.185117677	13	73.14814815	4.292486811	0	6	0.684210526
39	35	Cleveland	1011	cleveloh	24	406	5			1	66	0	0.21	0.037037037	0	.	.	4	105.6790123	4.660406314	0	23	0.148148148
39	35	Cleveland	1011	cleveloh	24	407	4			1	30	0	0.1	0	0	.	.	0	98.86621315	4.593767554	0	17	0
39	35	Cleveland	1011	cleveloh	24	408	4			1	82	0	0.37	0.095238095	0.476190476	9422.657952	9.150872488	11	96.73202614	4.571944538	0	10	0.523809524
39	35	Cleveland	1011	cleveloh	24	501	3			1	111	0	0.26	0	0.166666667	9031.491384	9.108472792	11	103.4188034	4.638786797	0	29	0.275
39	35	Cleveland	1011	cleveloh	24	502	2			1	199	0	0.3	0.04109589	0.232876712	11622.10339	9.360664028	20	92.6713948	4.529059847	0	48	0.294117647
39	35	Cleveland	1011	cleveloh	24	503	2			1	107	0	0.32	0	0.424242424	8678.881389	9.068647927	22	85.47008547	4.448166437	0	11	0.666666667
39	35	Cleveland	1011	cleveloh	24	504	1			1	53	0	0.21	0	0.238095238	13637.69388	9.520592847	7	71.11111111	4.264243599	0	14	0.333333333
39	35	Cleveland	1011	cleveloh	24	505	1			1	76	0	0.18	0.052631579	0.368421053	13512.87503	9.511398216	9	109.2063492	4.693239205	0	26	0.257142857
39	35	Cleveland	1011	cleveloh	24	506	3			1	297	0	0.16	0.06547619	0.053571429	12110.72664	9.401846838	12	219.5286195	5.391482609	0	144	0.076923077
39	35	Cleveland	1011	cleveloh	24	601	4			1	352	1	0.1	0.01980198	0.00990099	.	.	1	140.952381	4.94842211	0.00994898	195	0.005102041
39	35	Cleveland	1011	cleveloh	24	602	6			1	485	0	0.1	0.01056338	0.102112676	17647.05882	9.77832441	26	142.9429429	4.96244555	0	254	0.092857143
39	35	Cleveland	1011	cleveloh	24	605	6			1	99	0	0.25	0	1	21176.47059	9.960645966	31	.	.	0	1	0.96875
39	35	Cleveland	1011	cleveloh	24	606	3			1	86	0	0.3	0	1	21666.66667	9.98353026	28	.	.	0	1	0.965517241
39	35	Cleveland	1011	cleveloh	24	701	1			1	32	0	0.19	0	1	30065.35948	10.31112894	12	.	.	0	0	1
39	35	Cleveland	1011	cleveloh	24	702	1			1	159	1	0.21	0	0.962962963	24294.59589	10.09800921	50	.	.	0	4	0.925925926
39	35	Cleveland	1011	cleveloh	24	703	3			1	50	0	0.3	0	0.941176471	19838.52364	9.895380965	15	.	.	0	2	0.882352941
39	35	Cleveland	1013	cleveloh	24	101	6			1	45	0	0.29	0	0.058823529	.	.	8	91.50326797	4.516374687	0	8	0.5
39	35	Cleveland	1013	cleveloh	24	105	5			1	101	0	0.21	0	0	.	.	1	109.8765432	4.699357401	0	54	0.018181818
39	35	Cleveland	1013	cleveloh	24	106	5			1	103	0	0.28	0	0.457142857	8650.519031	9.065374602	20	80	4.382026635	0	15	0.571428571
39	35	Cleveland	1013	cleveloh	24	107	4			1	166	0	0.21	0	0.243589744	9855.521156	9.195787101	17	112.9129129	4.726616839	0	58	0.226666667
39	35	Cleveland	1013	cleveloh	24	108	4			1	161	0	0.16	0	0.011235955	.	.	1	137.1428571	4.921023135	0	88	0.011235955
39	35	Cleveland	1013	cleveloh	24	109	3			1	258	0	0.23	0	0.221311475	9897.29225	9.200016489	35	140.5017921	4.945220244	0	83	0.296610169
39	35	Cleveland	1013	cleveloh	24	110	2			1	131	0	0.24	0	0.166666667	10235.95879	9.233662171	18	128.3950617	4.85511193	0	41	0.305084746
39	35	Cleveland	1013	cleveloh	24	111	1			1	147	0	0.1	0.011494253	0.045977011	.	.	5	110.4377104	4.704451656	0	71	0.065789474
39	35	Cleveland	1194	cleveloh	25	101	1			1	23	0	0	0	1	25031.28911	10.12788189	11	.	.	0	1	0.916666667
39	35	Cleveland	1413	cleheioh	25	111	1			1	178	1	0.13	0	0.352941176	23771.98302	10.07626298	15	191.38322	5.254277805	0	34	0.306122449
39	35	Cleveland	1413	cleheioh	25	114	1			1	19	0	0.58	0	0	.	.	0	.	.	.	0	.
39	35	Cleveland	1413	cleheioh	25	201	1			1	43	0	0.35	0	1	23664.63827	10.07173716	11	.	.	0	1	0.916666667
39	35	Cleveland	1413	cleheioh	25	202	1			1	7	0	0.57	0	0	.	.	0	.	.	.	0	.
39	35	Cleveland	1606	lakewooh	24	101	1			1	2685	0	0.05	0.004214963	0.014752371	22834.96732	10.03604829	16	303.4920635	5.71535546	0	1681	0.009428403
39	35	Cleveland	1606	lakewooh	24	104	1			1	975	0	0.04	0.002770083	0.01800554	21792.71709	9.989331114	12	186.6666667	5.229324495	0	679	0.017366136
39	35	Cleveland	1606	lakewooh	24	105	1			1	110	0	0.08	0	0	.	.	1	134.502924	4.901585938	0	71	0.013888889
39	35	Cleveland	1606	lakewooh	24	106	2			1	746	1	0.08	0.002141328	0.00856531	.	.	6	160.960961	5.081161857	0.009864253	436	0.013574661
39	35	Cleveland	1606	lakewooh	24	107	6			1	314	1	0.24	0.073170732	0.317073171	19098.54851	9.857367617	53	114.4208038	4.739882914	0	61	0.464912281
39	35	Cleveland	1606	lakewooh	24	201	5			1	318	0	0.15	0	0.101123596	10864.67374	9.293271864	17	141.9753086	4.95565316	0	158	0.097142857
39	35	Cleveland	1606	lakewooh	24	202	4			1	110	0	0.34	0	0.257142857	12254.90196	9.413681296	14	82.53968254	4.413279178	0	20	0.411764706
39	35	Cleveland	1606	lakewooh	24	203	3			1	248	0	0.23	0.008849558	0.053097345	.	.	44	105.0505051	4.654441235	0	66	0.4
39	35	Cleveland	1606	lakewooh	24	204	2			1	313	0	0.12	0	0.022123894	.	.	12	217.7777778	5.383475175	0	171	0.06557377
39	35	Cleveland	1606	lakewooh	24	205	2			1	69	0	0.23	0.028571429	0.2	9771.777563	9.187253669	10	105.4263566	4.658012667	0	23	0.303030303
39	35	Cleveland	1606	lakewooh	24	206	1			1	63	0	0.29	0	0.173913043	.	.	6	93.51851852	4.538159476	0	16	0.272727273
39	35	Cleveland	1606	lakewooh	24	302	2			1	399	0	0.24	0	0.065420561	10522.87582	9.261306816	14	186.6666667	5.229324495	0	189	0.068965517
39	35	Cleveland	1606	lakewooh	24	303	3			1	114	0	0.28	0	0.195121951	9835.045129	9.193707319	10	88	4.477336814	0	31	0.243902439
39	35	Cleveland	1606	lakewooh	24	304	4			1	100	0	0.38	0.03030303	0.303030303	10435.36058	9.252955374	14	88.88888889	4.48738715	0	19	0.424242424
39	35	Cleveland	1606	lakewooh	24	305	5			1	269	0	0.29	0.055555556	0.342592593	9863.339275	9.196580059	30	128.5285285	4.856150892	0	77	0.280373832
39	35	Cleveland	1606	lakewooh	24	401	6			1	166	0	0.27	0.01369863	0.191780822	10663.91469	9.274620862	21	127.3273273	4.846761151	0	51	0.291666667
39	35	Cleveland	1606	lakewooh	24	402	7			1	173	0	0.32	0.016129032	0.451612903	11121.82578	9.316664743	29	125.7452575	4.834258094	0	33	0.467741935
39	35	Cleveland	1606	lakewooh	24	403	8			1	335	0	0.31	0.015625	0.4296875	10900.63144	9.296575997	62	119.6581197	4.784638674	0	59	0.512396694
39	35	Cleveland	1606	lakewooh	24	504	8			1	239	0	0.29	0	0.32967033	15493.41048	9.648170082	35	94.98910675	4.553762219	0	53	0.397727273
39	35	Cleveland	1606	lakewooh	24	505	6			1	410	1	0.26	0.010928962	0.202185792	15151.51515	9.625855816	50	135.7357357	4.910709876	0	130	0.277777778
8	5	Denver	72	auroraco	69	410	8			1	45	0	0.29	0	1	11675.57932	9.365254702	11	.	.	0	4	0.733333333
8	5	Denver	72	auroraco	69	411	8			1	121	0	0.35	0	0.173913043	.	.	7	139.8373984	4.940480307	0	39	0.152173913
8	5	Denver	72	auroraco	69	412	7			1	430	0	0.04	0.011764706	0.058823529	17998.99447	9.798071173	224	151.3513514	5.019603964	0.003870968	24	0.903225806
8	5	Denver	72	auroraco	69	413	7			1	82	0	0.39	0	0.925925926	9304.113802	9.138211926	17	116.9590643	4.761823996	0	10	0.62962963
8	5	Denver	72	auroraco	69	414	6			1	91	0	0.42	0.038461538	0.769230769	9993.674889	9.209707661	15	116.7755991	4.760254137	0	11	0.576923077
8	5	Denver	72	auroraco	69	415	6			1	547	0	0.08	0.00310559	0.099378882	17806.04134	9.78729308	290	131.1653117	4.876458449	0	17	0.944625407
8	5	Denver	72	auroraco	69	501	5			1	65	0	0.26	0	1	11851.85185	9.380239409	18	.	.	0	4	0.818181818
8	5	Denver	72	auroraco	69	502	4			1	53	0	0.47	0	0.923076923	.	.	4	122.705314	4.80978566	0	9	0.307692308
8	5	Denver	72	auroraco	69	503	3			1	65	0	0.51	0	1	10431.37255	9.252573136	11	115.5555556	4.749751415	0	5	0.6875
8	5	Denver	72	auroraco	69	504	2			1	62	0	0.31	0	0.36	.	.	7	139.3939394	4.937304021	0	16	0.304347826
8	5	Denver	72	auroraco	69	505	1			1	73	0	0.22	0	0.411764706	.	.	0	140.952381	4.94842211	0	32	0
8	5	Denver	72	auroraco	69	506	1			1	164	0	0.08	0	0.191780822	.	.	2	191.2457912	5.253559466	0	64	0.03030303
8	5	Denver	72	auroraco	69	507	2			1	69	0	0.35	0	0.48	13285.31413	9.494414503	9	144.973545	4.976551277	0	15	0.375
8	5	Denver	72	auroraco	69	508	3			1	58	0	0.4	0	0.944444444	10870.31304	9.293790778	12	116.9082126	4.761389119	0	5	0.705882353
8	5	Denver	72	auroraco	69	509	4			1	64	0	0.41	0	1	12846.51792	9.460828074	12	108.1761006	4.683760461	0	6	0.666666667
8	5	Denver	72	auroraco	69	510	5			1	77	0	0.4	0	1	11351.90918	9.337141219	17	.	.	0	4	0.80952381
8	5	Denver	72	auroraco	69	511	4			1	44	0	0.3	0	1	12121.21212	9.402712265	10	.	.	0	4	0.714285714
8	5	Denver	72	auroraco	69	512	3			1	70	0	0.37	0	1	11690.71402	9.366550132	14	129.382716	4.862774803	0	6	0.7
8	5	Denver	72	auroraco	69	513	2			1	47	0	0.4	0	0.428571429	13365.34614	9.500420527	7	130.3030303	4.86986274	0.07	0	1
8	5	Denver	72	auroraco	69	514	1			1	26	0	0.31	0	0.384615385	.	.	4	135.5555556	4.90938156	0	7	0.363636364
8	5	Denver	73	auroraco	69	608	1			1	22	0	0.32	0	0.9	.	.	2	79.73856209	4.378753309	0	7	0.222222222
36	119	New York City	1502	yonkerny	31	106	2			1	475	0	0.25	0	0.026041667	.	.	10	16.70117322	2.81547897	0	179	0.052910053
36	119	New York City	1502	yonkerny	31	105	2			1	158	0	0.08	0.012345679	0.049382716	.	.	4	261.1111111	5.56494603	0.009480519	73	0.051948052
36	119	New York City	1502	yonkerny	31	107	1			1	916	0	0.21	0.008474576	0.028248588	21493.21267	9.975492474	32	222.2222222	5.403677882	0.009088319	319	0.091168091
36	119	New York City	1502	yonkerny	31	202	2			1	135	0	0.3	0	0.56097561	15088.06913	9.621659586	29	124.4444444	4.823859387	0	11	0.725
36	119	New York City	1502	yonkerny	31	203	2			1	140	0	0.32	0	0.636363636	18772.099	9.840126951	38	175.4385965	5.167289104	0	6	0.863636364
36	119	New York City	1502	yonkerny	31	201	1			1	205	0	0.24	0	0.275362319	21818.18182	9.99049893	33	124.6612466	4.825600031	0	34	0.492537313
36	119	New York City	1502	yonkerny	31	204	3			1	54	0	0.26	0	0.222222222	.	.	13	120.8888889	4.79487185	0	5	0.722222222
36	119	New York City	1502	yonkerny	31	206	2			1	224	0	0.26	0	0.155844156	18752.22816	9.83906786	38	122.4932249	4.808055722	0	39	0.493506494
36	119	New York City	1502	yonkerny	31	205	3			1	65	0	0.25	0	0.291666667	.	.	10	131.2169312	4.876851917	0	13	0.434782609
36	119	New York City	1502	yonkerny	31	302	4			1	294	0	0.32	0.011111111	0.266666667	17215.0216	9.753537631	48	132.2751323	4.884884089	0	40	0.545454545
36	119	New York City	1502	yonkerny	31	301	3			1	142	0	0.34	0	0.227272727	21889.48307	9.993761575	17	108.8888889	4.690327994	0	26	0.395348837
36	119	New York City	1502	yonkerny	31	303	5			1	75	0	0.23	0.041666667	0.583333333	16848.22077	9.732000338	17	134.5345345	4.901820928	0	7	0.708333333
36	119	New York City	1502	yonkerny	31	304	4			1	72	0	0.31	0	0.545454545	16072.00257	9.684834066	14	120.3252033	4.790198104	0	8	0.636363636
36	119	New York City	1502	yonkerny	31	306	6			1	158	0	0.31	0	0.377358491	16557.7342	9.714608595	30	121.6374269	4.801044709	0	20	0.6
36	119	New York City	1502	yonkerny	31	305	5			1	208	0	0.25	0.012658228	0.164556962	17218.13725	9.753718599	21	127.9461279	4.8516093	0	57	0.269230769
36	119	New York City	1502	yonkerny	31	308	6			1	80	0	0.24	0	0.357142857	16329.15461	9.700707416	15	143.8596491	4.968838165	0	13	0.535714286
36	119	New York City	1502	yonkerny	31	307	7			1	155	0	0.28	0	0.211538462	20915.03268	9.948223446	28	134.5345345	4.901820928	0	24	0.538461538
36	119	New York City	1503	yonkerny	31	101	1			1	69	0	0.61	1	0	.	.	0	78.63247863	4.364784828	0	10	0
36	119	New York City	1503	yonkerny	31	102	1			1	35	0	0.2	0	0	.	.	1	93.22493225	4.535015199	0	12	0.076923077
36	119	New York City	1503	yonkerny	31	103	1			1	21	0	0.29	0	0	.	.	1	84.84848485	4.440867135	0	8	0.111111111
36	119	New York City	1503	yonkerny	31	104	1			1	3	0	0	0	0	.	.	0	.	.	.	0	.
36	119	New York City	1503	yonkerny	31	105	1			1	90	0	0.3	0	0.193548387	.	.	4	83.19088319	4.421137765	0	27	0.129032258
6	.	Los Angeles	6505	torranca	13	101	1			1	298	0	0.16	0	0.172661871	25980.39216	10.16509738	105	203.8314176	5.317293268	0	34	0.755395683
6	.	Los Angeles	6505	torranca	13	102	1			1	19	0	0.63	0	0	.	.	0	.	.	.	0	.
6	.	Los Angeles	6505	torranca	13	103	1			1	181	0	0.4	0	0.631578947	20089.43928	9.907949547	33	271.2643678	5.603093872	0	22	0.6
6	.	Los Angeles	6505	torranca	13	104	1			1	237	0	0.33	0.0125	0.7	18881.62672	9.845944597	47	237.9084967	5.471886132	0	31	0.602564103
6	.	Los Angeles	6505	torranca	13	105	2			1	139	0	0.35	0	0.538461538	19237.88383	9.86463673	25	268.1481481	5.591539619	0	25	0.5
6	.	Los Angeles	6505	torranca	13	106	3			1	310	0	0.35	0	0.75257732	19108.7344	9.857900808	68	254.9019608	5.540879004	0	26	0.723404255
6	.	Los Angeles	6505	torranca	13	201	3			1	86	0	0.34	0	0.378378378	19155.35445	9.860337561	13	266.6666667	5.585999439	0	22	0.371428571
6	.	Los Angeles	6505	torranca	13	202	4			1	338	0	0.42	0	0.767676768	19251.3369	9.865335787	70	259.7222222	5.559612684	0	26	0.729166667
6	.	Los Angeles	6505	torranca	13	203	4			1	224	0	0.4	0	0.68115942	19535.2215	9.879974346	42	249.1582492	5.518088233	0.015294118	26	0.617647059
6	.	Los Angeles	6505	torranca	13	204	4			1	166	0	0.34	0	0.633333333	19454.05613	9.875810869	34	258.3333333	5.554250741	0.036315789	23	0.596491228
6	.	Los Angeles	6505	torranca	13	205	4			1	126	0	0.42	0	0.5	19825.70806	9.894734761	18	261.4379085	5.566196812	0	23	0.43902439
6	.	Los Angeles	6505	torranca	13	206	4			1	143	0	0.46	0	0.461538462	20606.06061	9.933340516	14	238.3838384	5.473882141	0.024864865	23	0.378378378
6	.	Los Angeles	6505	torranca	13	207	4			1	172	0	0.39	0	0.538461538	20334.05955	9.920052569	25	208.3333333	5.339139361	0	26	0.490196078
6	.	Los Angeles	6505	torranca	13	301	4			1	129	0	0.45	0	0.487804878	1960.784314	7.581099832	17	227.6422764	5.427775434	0	22	0.435897436
6	.	Los Angeles	6505	torranca	13	302	5			1	187	0	0.39	0.017241379	0.603448276	18094.25525	9.803349777	22	154.1371158	5.037842569	0	33	0.4
6	.	Los Angeles	6505	torranca	13	303	5			1	202	0	0.38	0	0.652173913	19311.87569	9.868475507	36	168.0216802	5.12409302	0	29	0.553846154
6	.	Los Angeles	6505	torranca	13	304	5			1	152	0	0.33	0	0.5	19747.89916	9.890802393	23	193.5802469	5.265692139	0	24	0.489361702
6	.	Los Angeles	6505	torranca	13	305	5			1	166	0	0.39	0	0.538461538	19825.70806	9.894734761	26	200	5.298317367	0	25	0.509803922
6	.	Los Angeles	6505	torranca	13	306	5			1	133	0	0.33	0	0.549019608	19680.46478	9.887381787	23	213.0718954	5.361629646	0	25	0.479166667
6	.	Los Angeles	6505	torranca	13	401	6			1	161	0	0.35	0.018181818	0.581818182	18231.85415	9.810925571	30	228.3524904	5.430890446	0	24	0.555555556
6	.	Los Angeles	6505	torranca	13	402	5			1	155	0	0.39	0	0.568627451	19535.2215	9.879974346	26	187.654321	5.234601552	0	25	0.509803922
6	.	Los Angeles	6505	torranca	13	403	5			1	279	0	0.45	0	0.697368421	19317.35657	9.868759275	47	239.039039	5.476626882	0	28	0.626666667
6	.	Los Angeles	6505	torranca	13	404	5			1	184	0	0.38	0.017241379	0.620689655	20512.82051	9.928805361	31	184.7953216	5.219248843	0	26	0.543859649
6	.	Los Angeles	6505	torranca	13	405	4			1	100	0	0.44	0	0.34375	23529.41176	10.06600648	9	256.4102564	5.546778726	0	20	0.310344828
6	.	Los Angeles	6505	torranca	13	406	4			1	433	0	0.42	0	0.813559322	19825.70806	9.894734761	87	210.298103	5.348526062	0	29	0.75
6	.	Los Angeles	6505	torranca	13	501	3			1	146	0	0.4	0	0.541666667	20448.17927	9.925649124	24	229.6296296	5.436467705	0	23	0.510638298
6	.	Los Angeles	6505	torranca	13	502	2			1	137	0	0.31	0	0.56	19257.70308	9.86566642	25	275.2688172	5.617748137	0	23	0.520833333
6	.	Los Angeles	6505	torranca	13	503	3			1	156	0	0.46	0	0.511111111	21013.68849	9.952929337	21	230.4909561	5.440211626	0	22	0.488372093
6	.	Los Angeles	6505	torranca	13	504	2			1	174	0	0.4	0	0.547169811	19607.84314	9.883684925	29	254.1310541	5.537850095	0	23	0.557692308
6	.	Los Angeles	6505	torranca	13	505	1			1	150	0	0.43	0	0.52173913	20421.75361	9.924355965	21	217.6638177	5.382951752	0	24	0.466666667
6	.	Los Angeles	6505	torranca	13	506	1			1	347	0	0.21	0.013071895	0.235294118	18277.31092	9.813415729	27	245.6790123	5.504025856	0	117	0.1875
6	.	Los Angeles	6505	torranca	13	507	2			1	177	0	0.37	0	0.631578947	20347.76175	9.920726197	31	230.1994302	5.438946021	0	25	0.553571429
6	.	Los Angeles	6505	torranca	13	601	4			1	188	0	0.32	0	0.671641791	20178.25312	9.912360725	40	281.4814815	5.64006666	0	26	0.606060606
6	.	Los Angeles	6505	torranca	13	602	4			1	242	0	0.44	0	0.676470588	19817.92717	9.89434222	40	225.3229974	5.417534917	0	28	0.588235294
6	.	Los Angeles	6505	torranca	13	603	4			1	292	1	0.49	0	0.693333333	19747.89916	9.890802393	47	233.6182336	5.453688303	0	27	0.635135135
6	.	Los Angeles	6505	torranca	13	604	4			1	123	0	0.44	0	0.432432432	19607.84314	9.883684925	15	237.4603175	5.470000525	0	21	0.416666667
6	.	Los Angeles	6505	torranca	13	605	4			1	205	0	0.38	0	0.6875	19317.35657	9.868759275	33	205.1282051	5.323635175	0	29	0.532258065
6	.	Los Angeles	6505	torranca	13	809	1	Y		1	412	0	0.46	0	1	23865.54622	10.08019112	98	.	.	0	1	0.98989899
