Statefip	County	SMSA	Tract	Jurcode	Borderno	Block	tierno	oddshape	tracks	pairno	pop_tot_block	flaggq	perund18	pernoplumb	persingfam	peroo	valprm	lnvalprm	ct4_ooval	rentprm	lnrentprm	perblack	av_rooms_oo	av_value	av_rooms_rt	av_rent	ct2_occ
39	113	Dayton	0055	daytonoh	67	201	1	Y		1	234	0	0.35	0	1	0.97260274	13943.35512	9.542758338	71	.	.	0	5.4	19200	0	0	73
39	113	Dayton	0055	daytonoh	67	202	6	Y		1	43	0	0.47	0	1	0.916666667	14253.39367	9.564750309	11	.	.	0	5.2	18900	0	0	12
39	113	Dayton	0055	daytonoh	67	203	6	Y		1	83	0	0.4	0.04	1	0.88	14225.29796	9.562777205	22	.	.	0.02	5.1	18500	0	0	25
39	113	Dayton	0055	daytonoh	67	204	2	Y		1	188	0	0.32	0	0.982758621	0.896551724	15071.12649	9.620536039	52	115.74	4.751352696	0	5.1	19600	4.8	125	58
39	113	Dayton	0055	daytonoh	67	205	2	Y		1	134	0	0.49	0.03125	1	0.96875	14845.93838	9.605481597	31	.	.	0	5.6	21200	0	0	32
39	113	Dayton	0055	daytonoh	67	206	1			1	18	0	0.22	0	1	1	13762.48613	9.529701773	7	.	.	0	5.3	18600	0	0	7
39	113	Dayton	0055	daytonoh	67	207	1			1	22	0	0.27	0	0	0	.	.	0	.	.	.	0	0	0	0	4
39	113	Dayton	0055	daytonoh	67	208	1			1	13	0	0.39	0	0	0	.	.	0	.	.	.	0	0	0	0	3
39	113	Dayton	0055	daytonoh	67	210	1			1	36	0	0.22	0	0.6875	0.6875	15206.08243	9.629450787	11	116.34	4.756515815	0	4.9	19000	3.4	89	16
39	113	Dayton	0055	daytonoh	67	211	1			1	31	0	0.23	0	1	0.857142857	13533.25644	9.512905375	12	.	.	0	5.1	17600	0	0	14
39	113	Dayton	0055	daytonoh	67	212	2			1	50	0	0.16	0.04	0.88	0.84	12141.77979	9.404407659	21	.	.	0	5.2	16100	0	0	25
39	113	Dayton	0055	daytonoh	67	213	2			1	69	0	0.16	0	0.903225806	0.774193548	12254.90196	9.413681296	24	87.98	4.47713065	0	5.6	17500	4.9	97	31
39	113	Dayton	0055	daytonoh	67	214	1			1	51	0	0.14	0	0.9	0.85	12313.72549	9.418469813	17	.	.	0	5	15700	0	0	20
39	113	Dayton	0055	daytonoh	67	301	1			1	19	0	0.21	0	0.714285714	0.571428571	.	.	4	.	.	0	0	0	0	0	7
39	113	Dayton	0055	daytonoh	67	302	1	Y		1	25	0	0.28	0	1	1	12862.7451	9.462090435	11	.	.	0	5	16400	0	0	11
39	113	Dayton	0055	daytonoh	67	303	1	Y		1	47	0	0.21	0	1	1	12181.89403	9.407706033	21	.	.	0	4.7	14600	0	0	21
39	113	Dayton	0055	daytonoh	67	304	1	Y		1	49	0	0.25	0	0.9	0.85	13480.39216	9.508991476	17	.	.	0	4.8	16500	0	0	20
39	113	Dayton	0055	daytonoh	67	305	1			1	37	0	0.24	0	1	0.666666667	11692.08424	9.366667331	8	.	.	0	5.4	16100	0	0	12
39	113	Dayton	0055	daytonoh	67	306	2			1	72	0	0.22	0	0.870967742	0.709677419	13273.00151	9.493487289	22	96.48	4.569304273	0	5.2	17600	4.1	89	31
39	113	Dayton	0055	daytonoh	67	307	2			1	68	0	0.16	0	0.903225806	0.806451613	12392.15686	9.42481904	25	114.29	4.738701579	0	5	15800	4.2	108	31
39	113	Dayton	0055	daytonoh	67	308	2			1	47	0	0.13	0	1	0.85	12535.01401	9.436281128	17	.	.	0	5.6	17900	0	0	20
39	113	Dayton	0055	daytonoh	67	309	2			1	25	0	0.28	0	1	0.9	12134.66519	9.403821527	9	.	.	0	5.3	16400	0	0	10
39	113	Dayton	0055	daytonoh	67	310	2	Y		1	26	0	0.08	0.083333333	0.75	0.75	11474.21932	9.347857999	9	.	.	0	5.4	15800	0	0	12
39	113	Dayton	0055	daytonoh	67	311	3			1	45	0	0.07	0.043478261	0.956521739	0.956521739	1391.772395	7.238333318	22	.	.	0	51	18100	0	0	23
39	113	Dayton	0055	daytonoh	67	312	3			1	37	0	0.03	0	0.052631579	0.842105263	11226.45136	9.326028002	16	.	.	0	5.1	14600	0	0	19
39	113	Dayton	0055	daytonoh	67	313	3			1	51	0	0.14	0	1	0.958333333	13398.69281	9.50291243	23	.	.	0	4.8	16400	0	0	24
39	113	Dayton	0055	daytonoh	67	314	4			1	83	0	0.27	0	0.933333333	0.8	13840.83045	9.535378231	24	106.67	4.669708707	0	5.1	18000	4.5	108	30
39	113	Dayton	0055	daytonoh	67	315	4			1	22	0	0.05	0	0.75	0.75	13845.53822	9.535718309	9	.	.	0	4.9	17300	0	0	12
39	113	Dayton	0055	daytonoh	67	316	4			1	56	1	0.09	0	0.625	0.666666667	12784.31373	9.455974208	16	149.49	5.00726261	0	5	16300	3.3	111	24
39	113	Dayton	0055	daytonoh	67	317	5			1	47	0	0.19	0	0.8	0.75	11840.12066	9.3792491	15	96.30	4.567429858	0	5.2	15700	4.2	91	20
39	113	Dayton	0055	daytonoh	67	401	5	Y		1	120	0	0.12	0	0.457627119	0.372881356	12345.67901	9.421061403	22	127.54	4.848400496	0	5.4	17000	4.6	132	59
39	113	Dayton	0055	daytonoh	67	402	4			1	58	0	0.16	0	0.964285714	0.928571429	12745.09804	9.452902009	26	.	.	0	4.8	15600	0	0	28
39	113	Dayton	0055	daytonoh	67	403	4			1	78	0	0.22	0	1	0.965517241	12443.43891	9.428948768	28	.	.	0.01	5.2	16500	0	0	29
39	113	Dayton	0055	daytonoh	67	404	2			1	52	1	0.22	.	.	.	.	.	0	.	.	0	5.2	15500	0	0	0
39	113	Dayton	0055	daytonoh	67	405	2			1	68	0	0.15	0	1	0.892857143	12244.89796	9.412864636	25	.	.	0	4.9	15300	0	0	28
39	113	Dayton	0055	daytonoh	67	406	1			1	22	0	0.32	0	0.875	0.75	11622.10339	9.360664028	6	.	.	0	5.5	16300	0	0	8
39	113	Dayton	0055	daytonoh	67	407	1			1	17	0	0.59	0	0	0	.	.	0	.	.	.	0	0	0	0	4
39	113	Dayton	0055	daytonoh	67	408	1			1	19	0	0.42	0	1	1	11613.87632	9.359955897	6	.	.	0	5.2	15400	0	0	6
39	113	Dayton	0055	daytonoh	67	409	1			1	4	0	0	0	0	0	.	.	0	.	.	.	0	0	0	0	3
39	113	Dayton	0055	daytonoh	67	411	2			1	58	0	0.26	0	0.916666667	0.708333333	11764.70588	9.372859301	17	106.88	4.671690868	0	5.2	15600	4.2	101	24
39	113	Dayton	0055	daytonoh	67	412	2			1	66	0	0.15	0	0.857142857	0.821428571	10884.35374	9.2950816	23	.	.	0	4.9	13600	4.2	0	28
39	113	Dayton	0055	daytonoh	67	413	4			1	58	0	0.21	0.043478261	1	1	13466.51868	9.507961786	23	.	.	0	5.3	18200	0	0	23
39	113	Dayton	0055	daytonoh	67	414	4			1	39	0	0.18	0	1	1	12645.05802	9.445021748	15	.	.	0	4.9	15800	0	0	15
39	113	Dayton	0055	daytonoh	67	415	5			1	50	0	0.44	0	0.833333333	0.916666667	11764.70588	9.372859301	11	.	.	0	5.8	17400	0	0	12
39	113	Dayton	0055	daytonoh	67	416	5			1	65	0	0.31	0	1	0.909090909	11764.70588	9.372859301	20	.	.	0	5.6	16800	0	0	22
39	113	Dayton	0055	daytonoh	67	417	7	Y		1	52	0	0.19	0.038461538	0.692307692	0.653846154	11303.34487	9.332853967	17	115.32	4.747670249	0	5.1	14700	3.7	96	26
39	113	Dayton	0055	daytonoh	67	502	7	Y		1	72	0	0.11	0	0.818181818	0.787878788	11990.95023	9.391907496	26	112.59	4.723775928	0	5.2	15900	3	76	33
39	113	Dayton	0055	daytonoh	67	503	6			1	142	0	0.2	0.017241379	0.706896552	0.534482759	11921.56863	9.386104528	31	116.05	4.754015814	0	5	15200	3.6	94	58
39	113	Dayton	0055	daytonoh	67	504	5			1	72	0	0.22	0	0.8	0.733333333	12164.86595	9.406307236	22	109.40	4.695026515	0	4.9	15200	3.9	96	30
39	113	Dayton	0055	daytonoh	67	505	4			1	75	0	0.15	0	1	0.838709677	12841.21492	9.460415192	26	.	.	0	5.1	16700	0	0	31
39	113	Dayton	0055	daytonoh	67	506	3			1	72	0	0.21	0	1	0.896551724	11995.38639	9.392277387	26	.	.	0	5.1	15600	0	0	29
39	113	Dayton	0055	daytonoh	67	507	3			1	43	0	0.35	0	0.866666667	1	12971.34238	9.470497771	15	.	.	0	5.2	17200	0	0	15
39	113	Dayton	0055	daytonoh	67	508	5			1	75	0	0.25	0.035714286	1	0.892857143	13767.20901	9.530044885	25	.	.	0	4.7	16500	0	0	28
39	113	Dayton	0055	daytonoh	67	509	6			1	61	0	0.25	0	0.92	0.92	11294.11765	9.332037307	23	.	.	0	5	14400	0	0	25
39	113	Dayton	0055	daytonoh	67	510	8			1	83	0	0.16	0	0.777777778	0.75	11294.11765	9.332037307	27	126.50	4.840208525	0	5	14400	3.9	111	36
39	113	Dayton	0055	daytonoh	67	511	8			1	11	0	0.09	0	1	0.4	.	.	2	.	.	0	0	0	0	0	5
39	113	Dayton	0055	daytonoh	67	514	8			1	72	0	0.24	0	0.896551724	0.655172414	10784.31373	9.285847924	19	100.81	4.613267396	0	4.8	13200	4.1	93	29
39	113	Dayton	0055	daytonoh	67	515	7			1	55	0	0.16	0	1	0.909090909	12404.96198	9.425851832	20	.	.	0	4.9	15500	0	0	22
39	113	Dayton	0055	daytonoh	67	516	5	Y		1	124	0	0.24	0	0.68627451	0.607843137	13767.20901	9.530044885	31	123.72	4.818051045	0	4.7	16500	3.7	103	51
39	113	Dayton	0055	daytonoh	67	517	3	Y		1	364	0	0.34	0.008403361	0.890756303	0.831932773	13197.58673	9.487789268	99	107.12	4.673973106	0	5.2	17500	3.9	94	119
39	113	Dayton	0055	daytonoh	67	618	4			1	47	0	0.15	0	1	0.842105263	12764.32141	9.454409168	16	.	.	0	5.1	16600	0	0	19
39	113	Dayton	0054	daytonoh	67	217	1	Y		1	150	0	0.21	0	0.424657534	0.383561644	16714.88267	9.72405478	28	156.16	5.050856508	0	6.1	26000	3.7	130	73
39	113	Dayton	0054	daytonoh	67	301	1	Y		1	231	0	0.1	0	0.287878788	0.242424242	15107.68242	9.622958663	32	189.25	5.243054688	0	6.1	23500	3.1	132	132
39	113	Dayton	0054	daytonoh	67	409	1	Y		1	50	0	0.2	0	1	0.954545455	15760.26637	9.665247265	21	.	.	0	5.3	21300	0	0	22
39	113	Dayton	0054	daytonoh	67	411	1	Y		1	26	0	0.12	0	1	1	13725.4902	9.527009981	8	.	.	0	5.8	20300	0	0	8
39	113	Dayton	0054	daytonoh	67	412	1			1	29	0	0.21	0	1	1	15424.8366	9.643734256	10	.	.	0	6	23600	0	0	10
39	113	Dayton	0054	daytonoh	67	413	1	Y		1	56	0	0.34	0	0.777777778	0.777777778	15626.8568	9.656746303	14	.	.	0	6.6	26300	0	0	18
39	113	Dayton	0209	ketteroh	67	101	1	Y		1	272	0	0.28	0	0.366336634	0.297029703	14401.62272	9.575096168	30	125.60	4.833133024	0	5.8	21300	4.6	130	101
39	113	Dayton	0209	ketteroh	67	102	1			1	34	0	0	0	0	0	.	.	0	112.66	4.724387736	0	0	0	4.3	109	21
39	113	Dayton	0210	ketteroh	67	101	1	Y		1	165	0	0.33	0	0.963636364	0.909090909	14775.91036	9.600753456	50	.	.	0	5.6	21100	5.4	0	55
39	113	Dayton	0210	ketteroh	67	102	1			1	88	0	0.39	0	1	0.8	12549.01961	9.437397823	20	.	.	0	5.5	17600	0	0	25
39	113	Dayton	0210	ketteroh	67	109	1			1	17	0	0.35	0	1	1	16209.15033	9.693331197	5	.	.	0	6	24800	0	0	5
39	113	Dayton	0210	ketteroh	67	110	1	Y		1	77	0	0.29	0	0.774193548	0.709677419	15067.07946	9.620267475	22	150.79	5.015912351	0	5.7	21900	2.8	95	31
39	113	Dayton	0210	ketteroh	67	113	1	Y		1	81	1	0.1	0	0.380952381	0.285714286	13184.58418	9.486803561	12	145.45	4.979863635	0	5.8	19500	3.3	108	42
39	113	Dayton	0211	ketteroh	67	101	1	Y		1	77	0	0.34	0.076923077	1	0.769230769	10084.03361	9.218708622	20	88.89	4.48738715	0	4.9	12600	4.7	94	26
39	113	Dayton	0211	ketteroh	67	102	1			1	26	0	0.35	0	1	0.7	11921.56863	9.386104528	7	.	.	0	5	15200	0	0	10
39	113	Dayton	0211	ketteroh	67	103	1			1	15	0	0.53	0	1	1	11217.51026	9.325231252	8	.	.	0	4.3	12300	0	0	8
39	113	Dayton	0211	ketteroh	67	104	1			1	30	0	0.37	0	1	0.9	9725.490196	9.182505573	9	.	.	0	5	12400	0	0	10
39	113	Dayton	0211	ketteroh	67	105	1			1	36	0	0.33	0.076923077	0.846153846	0.769230769	12149.17339	9.405016413	10	.	.	0	5.1	15800	0	0	13
39	113	Dayton	0211	ketteroh	67	106	1			1	13	0	0.15	0	1	1	11010.55807	9.306609916	6	.	.	0	5.2	14600	0	0	6
39	113	Dayton	0211	ketteroh	67	107	1			1	30	0	0.23	0	1	0.818181818	14039.21569	9.549609813	9	.	.	0.02	5	17900	0	0	11
39	113	Dayton	0211	ketteroh	67	108	2			1	57	0	0.25	0.05	1	0.8	10724.28972	9.280266515	16	.	.	0	4.9	13400	0	0	20
39	113	Dayton	0211	ketteroh	67	109	2			1	55	0	0.26	0	0.9	0.75	.	.	15	.	.	0	5.3	15100	4.6	0	20
39	113	Dayton	0211	ketteroh	67	110	2			1	62	0	0.24	0	1	0.952380952	10728.81983	9.280688842	20	.	.	0	5.3	14500	0	0	21
39	113	Dayton	0211	ketteroh	67	111	2			1	43	0	0.26	0	1	0.5625	10487.9161	9.257979025	9	92.37	4.525853431	0	4.3	11500	5.1	106	16
39	113	Dayton	0211	ketteroh	67	112	3			1	63	0	0.32	0	0.947368421	0.894736842	12379.8539	9.423825745	17	.	.	0	5.1	16100	0	0	19
39	113	Dayton	0211	ketteroh	67	113	3			1	40	0	0.35	0.066666667	0.866666667	0.733333333	9523.809524	9.161550208	11	.	.	0	4.9	11900	0	0	15
39	113	Dayton	0211	ketteroh	67	114	4			1	6	0	0.17	0	0	0	.	.	0	.	.	.	0	0	0	0	3
39	113	Dayton	0211	ketteroh	67	115	3			1	29	0	0.31	0	0.333333333	0.333333333	.	.	5	138.46	4.930592586	0	5.2	0	2.6	81	15
39	113	Dayton	0211	ketteroh	67	116	3			1	64	0	0.34	0	0.9	0.75	10680.01669	9.276129675	15	93.72	4.540309552	0	4.7	12800	4.6	97	20
39	113	Dayton	0211	ketteroh	67	117	2			1	84	0	0.24	0	0.777777778	0.638888889	12841.21492	9.460415192	23	97.78	4.58269733	0	5.1	16700	3.5	77	36
39	113	Dayton	0211	ketteroh	67	119	1			1	43	0	0.26	0	0.882352941	0.882352941	13960.78431	9.544007558	15	.	.	0	5	17800	0	0	17
39	113	Dayton	0211	ketteroh	67	201	1	Y		1	55	0	0.22	0	0.636363636	0.727272727	12702.47229	9.449551922	16	60.82	4.107897529	0	4.6	14900	3.8	52	22
39	113	Dayton	0211	ketteroh	67	202	2	Y		1	311	0	0.29	0.009009009	0.459459459	0.558558559	12374.72767	9.423411581	62	58.59	4.070493346	0	4.5	14200	4.4	58	111
39	113	Dayton	0211	ketteroh	67	203	3	Y		1	310	0	0.27	0.008064516	0.338709677	0.39516129	.	.	49	57.14	4.045554398	0	4.3	0	4.2	54	124
39	113	Dayton	0211	ketteroh	67	204	6	Y		1	80	0	0.3	0	0.290322581	0.322580645	.	.	10	57.78	4.056604234	0	4.1	0	4	52	31
39	113	Dayton	0211	ketteroh	67	205	4	Y		1	50	0	0.38	0	0.222222222	0.611111111	.	.	11	55.81	4.022023901	0	3.8	0	4.3	54	18
39	113	Dayton	0211	ketteroh	67	206	2	Y		1	70	0	0.19	0.03030303	0.272727273	0.575757576	.	.	19	53.75	3.984283573	0	4.6	0	4.3	52	33
39	113	Dayton	0211	ketteroh	67	208	5	Y		1	303	1	0.26	0.009259259	0.259259259	0.527777778	.	.	57	57.45	4.050959817	0	4.3	0	4.1	53	108
39	113	Dayton	0211	ketteroh	67	209	6	Y		1	269	0	0.31	0.05	0.41	0.63	13992.86988	9.546303184	63	57.14	4.045554398	0	4.4	15700	4.2	54	100
39	113	Dayton	0211	ketteroh	67	301	5			1	78	0	0.42	0	1	0.72	11764.70588	9.372859301	18	107.32	4.675787753	0	4.7	14100	4.1	99	25
39	113	Dayton	0211	ketteroh	67	302	5			1	69	0	0.29	0.041666667	1	0.916666667	12549.01961	9.437397823	22	.	.	0	5	16000	0	0	24
39	113	Dayton	0211	ketteroh	67	303	3			1	136	0	0.39	0.027027027	1	0.810810811	12394.95798	9.425045055	30	98.41	4.589169845	0	5.6	17700	5.6	124	37
39	113	Dayton	0211	ketteroh	67	304	3			1	64	0	0.3	0.045454545	1	0.954545455	12313.72549	9.418469813	21	.	.	0	5	15700	0	0	22
39	113	Dayton	0211	ketteroh	67	305	4			1	66	0	0.36	0.045454545	1	0.818181818	13285.31413	9.494414503	18	.	.	0	4.9	16600	0	0	22
39	113	Dayton	0211	ketteroh	67	306	2			1	48	0	0.13	0.043478261	1	0.782608696	12477.71836	9.431699801	18	95.37	4.557767947	0	4.4	14000	4.8	103	23
39	113	Dayton	0211	ketteroh	67	307	1			1	37	0	0.41	0.066666667	1	0.933333333	12676.69859	9.44752083	14	.	.	0	4.3	13900	0	0	15
39	113	Dayton	0211	ketteroh	67	308	1			1	17	0	0.41	0	1	0.8	.	.	4	.	.	0	0	0	0	0	5
39	113	Dayton	0211	ketteroh	67	309	1			1	25	0	0.32	0	1	1	12134.66519	9.403821527	9	.	.	0	5.3	16400	0	0	9
39	113	Dayton	0211	ketteroh	67	310	1	Y		1	471	0	0.3	0.011235955	0.426966292	0.370786517	12055.19245	9.397250755	66	120.80	4.794117418	0.006228571	5.4	16600	3.9	106	178
39	113	Dayton	0211	ketteroh	67	311	4	Y		1	207	0	0.27	0.022727273	0.295454545	0.215909091	13689.83957	9.5244092	19	120.80	4.794117418	0	5.5	19200	3.9	106	88
39	113	Dayton	0211	ketteroh	67	312	3	Y		1	253	0	0.27	0.009259259	0.111111111	0	.	.	0	111.68	4.715645802	0	0	0	3.9	98	108
39	113	Dayton	0211	ketteroh	67	313	3			1	245	0	0.27	0	0.093457944	0.009345794	.	.	1	116.96	4.761823996	0	0	0	3.8	100	107
39	113	Dayton	0211	ketteroh	67	314	3			1	93	0	0.24	0.022727273	0.090909091	0	.	.	0	114.62	4.741621289	0	0	0	3.8	98	44
39	113	Dayton	0211	ketteroh	67	315	5			1	94	0	0.23	0	0.0625	0	.	.	0	113.45	4.731364789	0	0	0	3.8	97	48
39	113	Dayton	0212	ketteroh	67	101	7	Y		1	509	0	0.36	0.021621622	0.675675676	0.502702703	15098.03922	9.622320161	93	192.59	5.260577039	0	6	23100	3.6	156	185
39	113	Dayton	0212	ketteroh	67	102	7			1	92	0	0.51	0.047619048	1	1	14047.41001	9.550193317	21	.	.	0	6.7	24000	0	0	21
39	113	Dayton	0212	ketteroh	67	103	7			1	49	0	0.31	0.071428571	1	0.928571429	14200.83185	9.561055823	13	.	.	0	6.6	23900	0	0	14
39	113	Dayton	0212	ketteroh	67	104	8			1	51	0	0.45	0	1	1	14781.29713	9.601117953	12	.	.	0	6.5	24500	0	0	12
39	113	Dayton	0212	ketteroh	67	105	7	Y		1	208	0	0.4	0	1	0.964285714	16456.58263	9.708480836	54	.	.	0	5.6	23500	0	0	56
39	113	Dayton	0212	ketteroh	67	106	2			1	102	0	0.4	0.083333333	1	1	12844.55811	9.460675507	24	.	.	0	6.9	22600	0	0	24
39	61	Cincinnati	0060	cincinoh	68	109	4			1	108	0	0.43	0.052631579	0.131578947	0.263157895	11215.68627	9.325068638	10	103.70	4.64153783	0	5	14300	3.6	84	38
39	61	Cincinnati	0060	cincinoh	68	111	6			1	93	0	0.3	0	0.121212121	0.151515152	.	.	5	111.11	4.710530702	0	6	0	3.6	90	33
39	61	Cincinnati	0060	cincinoh	68	209	8	Y		1	133	0	0.35	0.02173913	0.347826087	0.52173913	10728.81983	9.280688842	24	103.30	4.637669353	0	5.3	14500	3.7	86	46
39	61	Cincinnati	0060	cincinoh	68	210	7	Y		1	107	0	0.27	0.025641026	0.435897436	0.564102564	12490.92229	9.432757443	22	105.26	4.65646348	0	5.4	17200	3.8	90	39
39	61	Cincinnati	0060	cincinoh	68	211	7	Y		1	41	0	0.46	0.076923077	0.153846154	0.230769231	.	.	3	104.13	4.645611156	0	0	0	3.5	82	13
39	61	Cincinnati	0060	cincinoh	68	301	4			1	26	0	0.15	0	0.545454545	0.818181818	11038.48947	9.309143487	9	.	.	0	5.4	15200	0	0	11
39	61	Cincinnati	0060	cincinoh	68	302	7			1	98	0	0.2	0.043478261	0.239130435	0.260869565	11359.02637	9.337767982	12	103.70	4.64153783	0	5.8	16800	3.3	77	46
39	61	Cincinnati	0060	cincinoh	68	308	8			1	99	0	0.25	0.029411765	0.617647059	0.676470588	11474.21932	9.347857999	23	83.84	4.428890944	0	5.4	15800	4.4	83	34
39	61	Cincinnati	0060	cincinoh	68	309	7			1	68	0	0.24	0.0625	0.34375	0.4375	10634.76238	9.271883384	14	94.74	4.551102965	0	5.9	16000	3.8	81	32
39	61	Cincinnati	0060	cincinoh	68	401	3			1	119	0	0.35	0.048780488	0.365853659	0.390243902	11610.91888	9.359701217	16	101.23	4.617440279	0	5.1	15100	3.6	82	41
39	61	Cincinnati	0060	cincinoh	68	402	1			1	127	0	0.39	0	0.512820513	0.666666667	10574.22969	9.266175159	26	91.17	4.512704958	0	5.6	15100	3.9	80	39
39	61	Cincinnati	0060	cincinoh	68	403	1			1	64	0	0.25	0.04	0.52	0.56	10656.43649	9.273919354	14	94.06	4.543899361	0	4.6	12500	4.3	91	25
39	61	Cincinnati	0060	cincinoh	68	404	2			1	188	1	0.26	0.027777778	0.583333333	0.625	11172.771	9.321234936	45	88.89	4.48738715	0	5.3	15100	3.7	74	72
39	61	Cincinnati	0060	cincinoh	68	405	3			1	60	0	0.18	0.034482759	0.689655172	0.724137931	11690.71402	9.366550132	21	.	.	0	5.3	15800	4.2	0	29
39	61	Cincinnati	0060	cincinoh	68	406	4			1	132	0	0.32	0	0.577777778	0.644444444	10965.86783	9.302542803	29	98.64	4.59152741	0	5.4	15100	4.1	91	45
39	61	Cincinnati	0060	cincinoh	68	407	5			1	146	1	0.34	0.02	0.6	0.56	10695.18717	9.277549122	28	104.07	4.645016095	0	5.5	15000	4.1	96	50
39	61	Cincinnati	0060	cincinoh	68	408	6			1	148	0	0.28	0	0.230769231	0.292307692	10724.28972	9.280266515	19	114.11	4.737198949	0	4.9	13400	3.7	95	65
39	61	Cincinnati	0226	wyominoh	68	304	8			1	31	0	0.45	0	1	0.875	14504.43191	9.582209531	7	.	.	0	7.3	27000	0	0	8
39	61	Cincinnati	0226	wyominoh	68	305	8			1	26	0	0.35	0	0.777777778	0.777777778	12894.64939	9.464567728	7	.	.	0	5.9	19400	0	0	9
39	61	Cincinnati	0226	wyominoh	68	306	8			1	62	0	0.29	0	0	0	.	.	0	64.33	4.163986995	0	0	0	3.8	55	26
39	61	Cincinnati	0226	wyominoh	68	307	7			1	28	0	0.04	0	0.428571429	0.642857143	11044.41777	9.3096804	9	95.06	4.554526453	0	4.9	13800	3.6	77	14
39	61	Cincinnati	0226	wyominoh	68	308	7			1	60	0	0.35	0.15	0.4	0.4	13664.21569	9.522535701	8	100.28	4.608015138	0	6.4	22300	3.9	88	20
39	61	Cincinnati	0226	wyominoh	68	309	7			1	54	0	0.35	0	0.466666667	0.533333333	10084.03361	9.218708622	8	82.54	4.413279178	0	7	18000	6.3	117	15
39	61	Cincinnati	0226	wyominoh	68	401	6			1	49	0	0.45	0	1	1	12901.39244	9.465090526	12	.	.	0	6.9	22700	0	0	12
39	61	Cincinnati	0226	wyominoh	68	402	6			1	47	0	0.26	0	0.875	0.9375	10834.16417	9.29045977	15	.	.	0	5.9	16300	0	0	16
39	61	Cincinnati	0226	wyominoh	68	403	4			1	118	0	0.28	0.054054054	0.918918919	0.918918919	12141.77979	9.404407659	34	.	.	0.027567568	5.2	16100	0	0	37
39	61	Cincinnati	0226	wyominoh	68	404	4			1	142	0	0.25	0	0.6875	0.6875	13119.42959	9.481849585	33	117.72	4.768289536	0	5.5	18400	3.7	98	48
39	61	Cincinnati	0226	wyominoh	68	405	3			1	47	0	0.13	0	0.777777778	0.833333333	12578.61635	9.439753536	15	.	.	0	5.3	17000	0	0	18
39	61	Cincinnati	0226	wyominoh	68	406	1	Y		1	112	0	0.24	0	0.615384615	0.692307692	12207.46363	9.409802817	27	97.56	4.580477573	0	6.2	19300	4.1	90	39
39	61	Cincinnati	0226	wyominoh	68	407	1			1	73	0	0.29	0	0.75	0.666666667	12642.66901	9.444832801	16	119.19	4.78073496	0	6.7	21600	4.4	118	24
39	61	Cincinnati	0226	wyominoh	68	408	2	Y		1	130	0	0.41	0	0.810810811	0.756756757	13677.66619	9.523519576	28	76.60	4.338541523	0	8.2	28600	4.7	81	37
39	61	Cincinnati	0226	wyominoh	68	501	6	Y		1	68	0	0.52	0	0.866666667	0.933333333	15178.77739	9.627653507	14	.	.	0	8.5	32900	0	0	15
39	61	Cincinnati	0226	wyominoh	68	502	7			1	39	0	0.33	0	0.769230769	0.846153846	20773.71489	9.941443759	11	.	.	0	7.4	39200	0	0	13
39	61	Cincinnati	0226	wyominoh	68	503	6	Y		1	74	0	0.43	0	0.9	0.85	16742.08145	9.725680676	17	.	.	0	7.8	33300	0	0	20
39	61	Cincinnati	0226	wyominoh	68	504	5			1	48	0	0.33	0	0.722222222	0.777777778	18558.40928	9.828678296	14	.	.	0	7.1	33600	0	0	18
39	61	Cincinnati	0226	wyominoh	68	505	4			1	63	0	0.27	0	0.904761905	0.904761905	16839.67705	9.73149311	19	.	.	0	6.8	29200	0	0	21
39	61	Cincinnati	0226	wyominoh	68	506	2			1	74	0	0.31	0	0.793103448	0.896551724	14014.78624	9.547868211	26	.	.	0	6.1	21800	0	0	29
39	61	Cincinnati	0226	wyominoh	68	708	8			1	74	0	0.38	0	0.6	0.45	15421.8991	9.643543798	9	116.96	4.761823996	0	8.9	35000	5.7	150	20
39	35	Cleveland	1011	cleveloh	24	305	6			1	743	0	0.12	0.006802721	0.054421769	0.095238095	12490.92229	9.432757443	42	163.81	5.098704313	0.017975904	5.4	17200	3.5	129	441
39	35	Cleveland	1011	cleveloh	24	402	8			1	245	0	0.31	0	0.1625	0.375	14063.55646	9.551342082	30	89.76	4.497143325	0	5.8	20800	5.1	103	80
39	35	Cleveland	1011	cleveloh	24	403	7			1	228	0	0.34	0.025641026	0.153846154	0.41025641	12628.78033	9.443733641	32	91.50	4.516374687	0	5.9	19000	5.1	105	78
39	35	Cleveland	1011	cleveloh	24	404	6			1	167	0	0.35	0	0.274509804	0.549019608	12377.45098	9.423631627	28	91.15	4.512493071	0	6.4	20200	5.9	121	51
39	35	Cleveland	1011	cleveloh	24	405	5			1	70	0	0.41	0.052631579	0.473684211	0.684210526	9750.927398	9.185117677	13	73.15	4.292486811	0	7.4	18400	4.8	79	19
39	35	Cleveland	1011	cleveloh	24	406	5			1	66	0	0.21	0.037037037	0	0.148148148	.	.	4	105.68	4.660406314	0	0	0	4.5	107	27
39	35	Cleveland	1011	cleveloh	24	407	4			1	30	0	0.1	0	0	0	.	.	0	98.87	4.593767554	0	0	0	4.9	109	18
39	35	Cleveland	1011	cleveloh	24	408	4			1	82	0	0.37	0.095238095	0.476190476	0.523809524	9422.657952	9.150872488	11	96.73	4.571944538	0	7.2	17300	5.1	111	21
39	35	Cleveland	1011	cleveloh	24	501	3			1	111	0	0.26	0	0.166666667	0.261904762	9031.491384	9.108472792	11	103.42	4.638786797	0	6.6	15200	5.2	121	42
39	35	Cleveland	1011	cleveloh	24	502	2			1	199	0	0.3	0.04109589	0.232876712	0.273972603	11622.10339	9.360664028	20	92.67	4.529059847	0	5.5	16300	4.7	98	73
39	35	Cleveland	1011	cleveloh	24	503	2			1	107	0	0.32	0	0.424242424	0.666666667	8678.881389	9.068647927	22	85.47	4.448166437	0	6.1	13500	5.2	100	33
39	35	Cleveland	1011	cleveloh	24	504	1			1	53	0	0.21	0	0.238095238	0.333333333	13637.69388	9.520592847	7	71.11	4.264243599	0	6.7	23300	5	80	21
39	35	Cleveland	1011	cleveloh	24	505	1			1	76	0	0.18	0.052631579	0.368421053	0.236842105	13512.87503	9.511398216	9	109.21	4.693239205	0	8.3	28600	3.5	86	38
39	35	Cleveland	1011	cleveloh	24	506	3			1	297	0	0.16	0.06547619	0.053571429	0.071428571	12110.72664	9.401846838	12	219.53	5.391482609	0	6.8	21000	3.3	163	168
39	35	Cleveland	1011	cleveloh	24	601	4			1	352	1	0.1	0.01980198	0.00990099	0.004950495	.	.	1	140.95	4.94842211	0.00994898	0	0	3.5	111	202
39	35	Cleveland	1011	cleveloh	24	602	6			1	485	0	0.1	0.01056338	0.102112676	0.091549296	17647.05882	9.77832441	26	142.94	4.96244555	0	7.4	33300	3.7	119	284
39	35	Cleveland	1011	cleveloh	24	605	6			1	99	0	0.25	0	1	0.96875	21176.47059	9.960645966	31	.	.	0	8	43200	0	0	32
39	35	Cleveland	1011	cleveloh	24	606	3			1	86	0	0.3	0	1	0.965517241	21666.66667	9.98353026	28	.	.	0	8	44200	0	0	29
39	35	Cleveland	1011	cleveloh	24	701	1			1	32	0	0.19	0	1	0.857142857	30065.35948	10.31112894	12	.	.	0	6.3	48300	0	0	14
39	35	Cleveland	1011	cleveloh	24	702	1			1	159	1	0.21	0	0.962962963	0.925925926	24294.59589	10.09800921	50	.	.	0	8.2	50800	0	0	54
39	35	Cleveland	1011	cleveloh	24	703	3			1	50	0	0.3	0	0.941176471	0.882352941	19838.52364	9.895380965	15	.	.	0	8.5	43000	0	0	17
39	35	Cleveland	1013	cleveloh	24	101	6			1	45	0	0.29	0	0.058823529	0.470588235	.	.	8	91.50	4.516374687	0	5.3	0	5.1	105	17
39	35	Cleveland	1013	cleveloh	24	105	5			1	101	0	0.21	0	0	0.016393443	.	.	1	109.88	4.699357401	0	0	0	3.6	89	61
39	35	Cleveland	1013	cleveloh	24	106	5			1	103	0	0.28	0	0.457142857	0.571428571	8650.519031	9.065374602	20	80.00	4.382026635	0	6.8	15000	5.5	99	35
39	35	Cleveland	1013	cleveloh	24	107	4			1	166	0	0.21	0	0.243589744	0.217948718	9855.521156	9.195787101	17	112.91	4.726616839	0	7.6	19100	3.7	94	78
39	35	Cleveland	1013	cleveloh	24	108	4			1	161	0	0.16	0	0.011235955	0.011235955	.	.	1	137.14	4.921023135	0	0	0	3.5	108	89
39	35	Cleveland	1013	cleveloh	24	109	3			1	258	0	0.23	0	0.221311475	0.286885246	9897.29225	9.200016489	35	140.50	4.945220244	0	6.3	15900	3.1	98	122
39	35	Cleveland	1013	cleveloh	24	110	2			1	131	0	0.24	0	0.166666667	0.3	10235.95879	9.233662171	18	128.40	4.85511193	0	5.9	15400	3.6	104	60
39	35	Cleveland	1013	cleveloh	24	111	1			1	147	0	0.1	0.011494253	0.045977011	0.057471264	.	.	5	110.44	4.704451656	0	7	0	3.3	82	87
39	35	Cleveland	1194	cleveloh	25	101	1			1	23	0	0	0	1	0.916666667	25031.28911	10.12788189	11	.	.	0	9.4	60000	0	0	12
39	35	Cleveland	1413	cleheioh	25	111	1			1	178	1	0.13	0	0.352941176	0.294117647	23771.98302	10.07626298	15	191.38	5.254277805	0	9.7	58800	4.9	211	51
39	35	Cleveland	1413	cleheioh	25	114	1			1	19	0	0.58	0	0	0	.	.	0	.	.	.	0	0	0	0	4
39	35	Cleveland	1413	cleheioh	25	201	1			1	43	0	0.35	0	1	0.916666667	23664.63827	10.07173716	11	.	.	0	8.7	52500	0	0	12
39	35	Cleveland	1413	cleheioh	25	202	1			1	7	0	0.57	0	0	0	.	.	0	.	.	.	0	0	0	0	1
39	35	Cleveland	1606	lakewooh	24	101	1			1	2685	0	0.05	0.004214963	0.014752371	0.008429926	22834.96732	10.03604829	16	303.49	5.71535546	0	9.6	55900	3.5	239	1898
39	35	Cleveland	1606	lakewooh	24	104	1			1	975	0	0.04	0.002770083	0.01800554	0.016620499	21792.71709	9.989331114	12	186.67	5.229324495	0	7	38900	3.5	147	722
39	35	Cleveland	1606	lakewooh	24	105	1			1	110	0	0.08	0	0	0.0125	.	.	1	134.50	4.901585938	0	0	0	3.8	115	80
39	35	Cleveland	1606	lakewooh	24	106	2			1	746	1	0.08	0.002141328	0.00856531	0.012847966	.	.	6	160.96	5.081161857	0.009864253	6	0	3.7	134	467
39	35	Cleveland	1606	lakewooh	24	107	6			1	314	1	0.24	0.073170732	0.317073171	0.430894309	19098.54851	9.857367617	53	114.42	4.739882914	0	7.7	37500	4.7	121	123
39	35	Cleveland	1606	lakewooh	24	201	5			1	318	0	0.15	0	0.101123596	0.095505618	10864.67374	9.293271864	17	141.98	4.95565316	0	6.1	16900	3.6	115	178
39	35	Cleveland	1606	lakewooh	24	202	4			1	110	0	0.34	0	0.257142857	0.4	12254.90196	9.413681296	14	82.54	4.413279178	0	5.6	17500	4.9	91	35
39	35	Cleveland	1606	lakewooh	24	203	3			1	248	0	0.23	0.008849558	0.053097345	0.389380531	.	.	44	105.05	4.654441235	0	4.7	0	4.4	104	113
39	35	Cleveland	1606	lakewooh	24	204	2			1	313	0	0.12	0	0.022123894	0.053097345	.	.	12	217.78	5.383475175	0	5.5	0	3	147	226
39	35	Cleveland	1606	lakewooh	24	205	2			1	69	0	0.23	0.028571429	0.2	0.285714286	9771.777563	9.187253669	10	105.43	4.658012667	0	6.1	15200	4.3	102	35
39	35	Cleveland	1606	lakewooh	24	206	1			1	63	0	0.29	0	0.173913043	0.260869565	.	.	6	93.52	4.538159476	0	6.5	0	4.8	101	23
39	35	Cleveland	1606	lakewooh	24	302	2			1	399	0	0.24	0	0.065420561	0.065420561	10522.87582	9.261306816	14	186.67	5.229324495	0	6	16100	3	126	214
39	35	Cleveland	1606	lakewooh	24	303	3			1	114	0	0.28	0	0.195121951	0.243902439	9835.045129	9.193707319	10	88.00	4.477336814	0	6.3	15800	5	99	41
39	35	Cleveland	1606	lakewooh	24	304	4			1	100	0	0.38	0.03030303	0.303030303	0.424242424	10435.36058	9.252955374	14	88.89	4.48738715	0	5.9	15700	5.1	102	33
39	35	Cleveland	1606	lakewooh	24	305	5			1	269	0	0.29	0.055555556	0.342592593	0.277777778	9863.339275	9.196580059	30	128.53	4.856150892	0	6.6	16600	3.7	107	108
39	35	Cleveland	1606	lakewooh	24	401	6			1	166	0	0.27	0.01369863	0.191780822	0.287671233	10663.91469	9.274620862	21	127.33	4.846761151	0	5.7	15500	3.7	106	73
39	35	Cleveland	1606	lakewooh	24	402	7			1	173	0	0.32	0.016129032	0.451612903	0.467741935	11121.82578	9.316664743	29	125.75	4.834258094	0	6.1	17300	4.1	116	62
39	35	Cleveland	1606	lakewooh	24	403	8			1	335	0	0.31	0.015625	0.4296875	0.484375	10900.63144	9.296575997	62	119.66	4.784638674	0	5.9	16400	3.9	105	128
39	35	Cleveland	1606	lakewooh	24	504	8			1	239	0	0.29	0	0.32967033	0.384615385	15493.41048	9.648170082	35	94.99	4.553762219	0	6.1	24100	5.1	109	91
39	35	Cleveland	1606	lakewooh	24	505	6			1	410	1	0.26	0.010928962	0.202185792	0.273224044	15151.51515	9.625855816	50	135.74	4.910709876	0	6.6	25500	3.7	113	183
8	5	Denver	72	auroraco	69	410	8			1	45	0	0.29	0	1	0.733333333	11675.57932	9.365254702	11	.	.	0	4.4	13100	0	0	15
8	5	Denver	72	auroraco	69	411	8			1	121	0	0.35	0	0.173913043	0.152173913	.	.	7	139.84	4.940480307	0	5.3	0	4.1	129	46
8	5	Denver	72	auroraco	69	412	7			1	430	0	0.04	0.011764706	0.058823529	0.878431373	17998.99447	9.798071173	224	151.35	5.019603964	0.003870968	3.9	17900	3.7	126	255
8	5	Denver	72	auroraco	69	413	7			1	82	0	0.39	0	0.925925926	0.62962963	9304.113802	9.138211926	17	116.96	4.761823996	0	5.1	12100	3.8	100	27
8	5	Denver	72	auroraco	69	414	6			1	91	0	0.42	0.038461538	0.769230769	0.576923077	9993.674889	9.209707661	15	116.78	4.760254137	0	6.2	15800	5.1	134	26
8	5	Denver	72	auroraco	69	415	6			1	547	0	0.08	0.00310559	0.099378882	0.900621118	17806.04134	9.78729308	290	131.17	4.876458449	0	3.7	16800	4.1	121	322
8	5	Denver	72	auroraco	69	501	5			1	65	0	0.26	0	1	0.782608696	11851.85185	9.380239409	18	.	.	0	4.5	13600	0	0	23
8	5	Denver	72	auroraco	69	502	4			1	53	0	0.47	0	0.923076923	0.307692308	.	.	4	122.71	4.80978566	0	0	0	4.6	127	13
8	5	Denver	72	auroraco	69	503	3			1	65	0	0.51	0	1	0.6875	10431.37255	9.252573136	11	115.56	4.749751415	0	5	13300	5	130	16
8	5	Denver	72	auroraco	69	504	2			1	62	0	0.31	0	0.36	0.28	.	.	7	139.39	4.937304021	0	4.9	0	4.4	138	25
8	5	Denver	72	auroraco	69	505	1			1	73	0	0.22	0	0.411764706	0	.	.	0	140.95	4.94842211	0	0	0	3.5	111	34
8	5	Denver	72	auroraco	69	506	1			1	164	0	0.08	0	0.191780822	0.02739726	.	.	2	191.25	5.253559466	0	0	0	3.3	142	73
8	5	Denver	72	auroraco	69	507	2			1	69	0	0.35	0	0.48	0.36	13285.31413	9.494414503	9	144.97	4.976551277	0	4.9	16600	4.2	137	25
8	5	Denver	72	auroraco	69	508	3			1	58	0	0.4	0	0.944444444	0.666666667	10870.31304	9.293790778	12	116.91	4.761389119	0	5.7	15800	4.6	121	18
8	5	Denver	72	auroraco	69	509	4			1	64	0	0.41	0	1	0.666666667	12846.51792	9.460828074	12	108.18	4.683760461	0	5.8	19000	5.3	129	18
8	5	Denver	72	auroraco	69	510	5			1	77	0	0.4	0	1	0.772727273	11351.90918	9.337141219	17	.	.	0	5.7	16500	0	0	22
8	5	Denver	72	auroraco	69	511	4			1	44	0	0.3	0	1	0.714285714	12121.21212	9.402712265	10	.	.	0	5.5	17000	0	0	14
8	5	Denver	72	auroraco	69	512	3			1	70	0	0.37	0	1	0.7	11690.71402	9.366550132	14	129.38	4.862774803	0	5.3	15800	4.5	131	20
8	5	Denver	72	auroraco	69	513	2			1	47	0	0.4	0	0.428571429	0.5	13365.34614	9.500420527	7	130.30	4.86986274	0.07	4.9	16700	4.4	129	14
8	5	Denver	72	auroraco	69	514	1			1	26	0	0.31	0	0.384615385	0.307692308	.	.	4	135.56	4.90938156	0	0	0	4	122	13
8	5	Denver	73	auroraco	69	608	1			1	22	0	0.32	0	0.9	0.2	.	.	2	79.74	4.378753309	0	0	0	3.4	61	10
36	119	New York City	1502	yonkerny	31	106	2			1	475	0	0.25	0	0.026041667	0.052083333	.	.	10	16.70	2.81547897	0	4.4	0	32.2	121	192
36	119	New York City	1502	yonkerny	31	105	2			1	158	0	0.08	0.012345679	0.049382716	0.049382716	.	.	4	261.11	5.56494603	0.009480519	0	0	3.2	188	81
36	119	New York City	1502	yonkerny	31	107	1			1	916	0	0.21	0.008474576	0.028248588	0.09039548	21493.21267	9.975492474	32	222.22	5.403677882	0.009088319	5.2	28500	3.4	170	354
36	119	New York City	1502	yonkerny	31	202	2			1	135	0	0.3	0	0.56097561	0.707317073	15088.06913	9.621659586	29	124.44	4.823859387	0	5.9	22700	5	140	41
36	119	New York City	1502	yonkerny	31	203	2			1	140	0	0.32	0	0.636363636	0.863636364	18772.099	9.840126951	38	175.44	5.167289104	0	6.1	29200	3.8	150	44
36	119	New York City	1502	yonkerny	31	201	1			1	205	0	0.24	0	0.275362319	0.47826087	21818.18182	9.99049893	33	124.66	4.825600031	0	5.5	30600	4.1	115	69
36	119	New York City	1502	yonkerny	31	204	3			1	54	0	0.26	0	0.222222222	0.722222222	.	.	13	120.89	4.79487185	0	5.6	0	5	136	18
36	119	New York City	1502	yonkerny	31	206	2			1	224	0	0.26	0	0.155844156	0.493506494	18752.22816	9.83906786	38	122.49	4.808055722	0	5.5	26300	4.1	113	77
36	119	New York City	1502	yonkerny	31	205	3			1	65	0	0.25	0	0.291666667	0.416666667	.	.	10	131.22	4.876851917	0	4.9	0	4.2	124	24
36	119	New York City	1502	yonkerny	31	302	4			1	294	0	0.32	0.011111111	0.266666667	0.533333333	17215.0216	9.753537631	48	132.28	4.884884089	0	5.9	25900	4.2	125	90
36	119	New York City	1502	yonkerny	31	301	3			1	142	0	0.34	0	0.227272727	0.386363636	21889.48307	9.993761575	17	108.89	4.690327994	0	5.5	30700	4	98	44
36	119	New York City	1502	yonkerny	31	303	5			1	75	0	0.23	0.041666667	0.583333333	0.708333333	16848.22077	9.732000338	17	134.53	4.901820928	0	5.4	23200	3.7	112	24
36	119	New York City	1502	yonkerny	31	304	4			1	72	0	0.31	0	0.545454545	0.636363636	16072.00257	9.684834066	14	120.33	4.790198104	0	6.1	25000	4.1	111	22
36	119	New York City	1502	yonkerny	31	306	6			1	158	0	0.31	0	0.377358491	0.566037736	16557.7342	9.714608595	30	121.64	4.801044709	0	6.3	26600	3.8	104	53
36	119	New York City	1502	yonkerny	31	305	5			1	208	0	0.25	0.012658228	0.164556962	0.265822785	17218.13725	9.753718599	21	127.95	4.8516093	0	6.4	28100	3.3	95	79
36	119	New York City	1502	yonkerny	31	308	6			1	80	0	0.24	0	0.357142857	0.535714286	16329.15461	9.700707416	15	143.86	4.968838165	0	6.1	25400	3.8	123	28
36	119	New York City	1502	yonkerny	31	307	7			1	155	0	0.28	0	0.211538462	0.538461538	20915.03268	9.948223446	28	134.53	4.901820928	0	5.4	28800	3.7	112	52
36	119	New York City	1503	yonkerny	31	101	1			1	69	0	0.61	1	0	0	.	.	0	78.63	4.364784828	0	0	0	3.9	69	10
36	119	New York City	1503	yonkerny	31	102	1			1	35	0	0.2	0	0	0.076923077	.	.	1	93.22	4.535015199	0	0	0	4.1	86	13
36	119	New York City	1503	yonkerny	31	103	1			1	21	0	0.29	0	0	0.111111111	.	.	1	84.85	4.440867135	0	0	0	4.4	84	9
36	119	New York City	1503	yonkerny	31	104	1			1	3	0	0	0	0	0	.	.	0	.	.	.	0	0	0	0	1
36	119	New York City	1503	yonkerny	31	105	1			1	90	0	0.3	0	0.193548387	0.129032258	.	.	4	83.19	4.421137765	0	0	0	3.9	73	31
6	.	Los Angeles	6505	torranca	13	101	1			1	298	0	0.16	0	0.172661871	0.755395683	25980.39216	10.16509738	105	203.83	5.317293268	0	4	26500	2.9	133	139
6	.	Los Angeles	6505	torranca	13	102	1			1	19	0	0.63	0	0	0	.	.	0	.	.	.	0	0	0	0	4
6	.	Los Angeles	6505	torranca	13	103	1			1	181	0	0.4	0	0.631578947	0.578947368	20089.43928	9.907949547	33	271.26	5.603093872	0	5.7	29200	2.9	177	57
6	.	Los Angeles	6505	torranca	13	104	1			1	237	0	0.33	0.0125	0.7	0.5875	18881.62672	9.845944597	47	237.91	5.471886132	0	5.4	26000	3.4	182	80
6	.	Los Angeles	6505	torranca	13	105	2			1	139	0	0.35	0	0.538461538	0.480769231	19237.88383	9.86463673	25	268.15	5.591539619	0	5.3	26000	3	181	52
6	.	Los Angeles	6505	torranca	13	106	3			1	310	0	0.35	0	0.75257732	0.701030928	19108.7344	9.857900808	68	254.90	5.540879004	0	5.5	26800	3.4	195	97
6	.	Los Angeles	6505	torranca	13	201	3			1	86	0	0.34	0	0.378378378	0.351351351	19155.35445	9.860337561	13	266.67	5.585999439	0	5.2	25400	3	180	37
6	.	Los Angeles	6505	torranca	13	202	4			1	338	0	0.42	0	0.767676768	0.707070707	19251.3369	9.865335787	70	259.72	5.559612684	0	5.5	27000	3.2	187	99
6	.	Los Angeles	6505	torranca	13	203	4			1	224	0	0.4	0	0.68115942	0.608695652	19535.2215	9.879974346	42	249.16	5.518088233	0.015294118	5.4	26900	3.3	185	69
6	.	Los Angeles	6505	torranca	13	204	4			1	166	0	0.34	0	0.633333333	0.566666667	19454.05613	9.875810869	34	258.33	5.554250741	0.036315789	5.1	25300	3.2	186	60
6	.	Los Angeles	6505	torranca	13	205	4			1	126	0	0.42	0	0.5	0.409090909	19825.70806	9.894734761	18	261.44	5.566196812	0	5.4	27300	3.4	200	44
6	.	Los Angeles	6505	torranca	13	206	4			1	143	0	0.46	0	0.461538462	0.358974359	20606.06061	9.933340516	14	238.38	5.473882141	0.024864865	5.5	28900	4.4	236	39
6	.	Los Angeles	6505	torranca	13	207	4			1	172	0	0.39	0	0.538461538	0.480769231	20334.05955	9.920052569	25	208.33	5.339139361	0	5.4	28000	4.8	225	52
6	.	Los Angeles	6505	torranca	13	301	4			1	129	0	0.45	0	0.487804878	0.414634146	1960.784314	7.581099832	17	227.64	5.427775434	0	52	26000	4.1	210	41
6	.	Los Angeles	6505	torranca	13	302	5			1	187	0	0.39	0.017241379	0.603448276	0.379310345	18094.25525	9.803349777	22	154.14	5.037842569	0	5.7	26300	4.7	163	58
6	.	Los Angeles	6505	torranca	13	303	5			1	202	0	0.38	0	0.652173913	0.52173913	19311.87569	9.868475507	36	168.02	5.12409302	0	5.3	26100	4.1	155	69
6	.	Los Angeles	6505	torranca	13	304	5			1	152	0	0.33	0	0.5	0.479166667	19747.89916	9.890802393	23	193.58	5.265692139	0	5.6	28200	4.5	196	48
6	.	Los Angeles	6505	torranca	13	305	5			1	166	0	0.39	0	0.538461538	0.5	19825.70806	9.894734761	26	200.00	5.298317367	0	5.4	27300	4	180	52
6	.	Los Angeles	6505	torranca	13	306	5			1	133	0	0.33	0	0.549019608	0.450980392	19680.46478	9.887381787	23	213.07	5.361629646	0	5.4	27100	3.4	163	51
6	.	Los Angeles	6505	torranca	13	401	6			1	161	0	0.35	0.018181818	0.581818182	0.545454545	18231.85415	9.810925571	30	228.35	5.430890446	0	5.7	26500	2.9	149	55
6	.	Los Angeles	6505	torranca	13	402	5			1	155	0	0.39	0	0.568627451	0.509803922	19535.2215	9.879974346	26	187.65	5.234601552	0	5.4	26900	3.6	152	51
6	.	Los Angeles	6505	torranca	13	403	5			1	279	0	0.45	0	0.697368421	0.618421053	19317.35657	9.868759275	47	239.04	5.476626882	0	5.4	26600	3.7	199	76
6	.	Los Angeles	6505	torranca	13	404	5			1	184	0	0.38	0.017241379	0.620689655	0.534482759	20512.82051	9.928805361	31	184.80	5.219248843	0	5.2	27200	3.8	158	58
6	.	Los Angeles	6505	torranca	13	405	4			1	100	0	0.44	0	0.34375	0.28125	23529.41176	10.06600648	9	256.41	5.546778726	0	5.1	30600	3.9	225	32
6	.	Los Angeles	6505	torranca	13	406	4			1	433	0	0.42	0	0.813559322	0.737288136	19825.70806	9.894734761	87	210.30	5.348526062	0	5.4	27300	4.1	194	118
6	.	Los Angeles	6505	torranca	13	501	3			1	146	0	0.4	0	0.541666667	0.5	20448.17927	9.925649124	24	229.63	5.436467705	0	5.6	29200	3.6	186	48
6	.	Los Angeles	6505	torranca	13	502	2			1	137	0	0.31	0	0.56	0.5	19257.70308	9.86566642	25	275.27	5.617748137	0	5.6	27500	3.1	192	50
6	.	Los Angeles	6505	torranca	13	503	3			1	156	0	0.46	0	0.511111111	0.466666667	21013.68849	9.952929337	21	230.49	5.440211626	0	5.3	28400	4.3	223	45
6	.	Los Angeles	6505	torranca	13	504	2			1	174	0	0.4	0	0.547169811	0.547169811	19607.84314	9.883684925	29	254.13	5.537850095	0	5.4	27000	3.9	223	53
6	.	Los Angeles	6505	torranca	13	505	1			1	150	0	0.43	0	0.52173913	0.456521739	20421.75361	9.924355965	21	217.66	5.382951752	0	5.3	27600	3.9	191	46
6	.	Los Angeles	6505	torranca	13	506	1			1	347	0	0.21	0.013071895	0.235294118	0.176470588	18277.31092	9.813415729	27	245.68	5.504025856	0	5.6	26100	3.6	199	153
6	.	Los Angeles	6505	torranca	13	507	2			1	177	0	0.37	0	0.631578947	0.543859649	20347.76175	9.920726197	31	230.20	5.438946021	0	5.3	27500	3.9	202	57
6	.	Los Angeles	6505	torranca	13	601	4			1	188	0	0.32	0	0.671641791	0.597014925	20178.25312	9.912360725	40	281.48	5.64006666	0	5.5	28300	3	190	67
6	.	Los Angeles	6505	torranca	13	602	4			1	242	0	0.44	0	0.676470588	0.588235294	19817.92717	9.89434222	40	225.32	5.417534917	0	5.6	28300	4.3	218	68
6	.	Los Angeles	6505	torranca	13	603	4			1	292	1	0.49	0	0.693333333	0.626666667	19747.89916	9.890802393	47	233.62	5.453688303	0	5.6	28200	3.9	205	75
6	.	Los Angeles	6505	torranca	13	604	4			1	123	0	0.44	0	0.432432432	0.405405405	19607.84314	9.883684925	15	237.46	5.470000525	0	5.3	26500	3.5	187	37
6	.	Los Angeles	6505	torranca	13	605	4			1	205	0	0.38	0	0.6875	0.515625	19317.35657	9.868759275	33	205.13	5.323635175	0	5.4	26600	3.9	180	64
6	.	Los Angeles	6505	torranca	13	809	1	Y		1	412	0	0.46	0	1	0.56	23865.54622	10.08019112	98	.	.	0	7	42600	0	0	175
