DISTANCE	STATE_TEXT	COUNTY_TEX	TRACT_1	JURCODE	OENUM	OESCHOOL
773.55136902700	44	007	13701	cranstri	4900240	64
2061.19759185000	44	007	33	providri	4900900	133
1966.45351469000	44	007	163	pawtucri	4900840	308
2860.51020306000	44	007	16	providri	4900900	56
666.76527319000	44	007	165	pawtucri	4900840	308
2491.00272972000	44	007	147	cranstri	4900240	64
2737.11071155000	44	007	170	pawtucri	4900840	308
3312.47404640000	44	007	17	providri	4900900	339
3256.86875907000	44	007	15	providri	4900900	56
2607.25385904000	44	007	29	providri	4900900	133
3389.36735348000	44	007	2	providri	4900900	56
2022.69707970000	44	007	141	cranstri	4900240	64
680.58310294300	44	007	140	cranstri	4900240	64
1089.41833524000	06	037	621301	redondca	1437410	5351
445.92837925900	06	037	302101	glendaca	1415240	2392
3666.56111045000	06	037	3111	burbanca	1406450	731
2410.18191183000	06	037	1243	losangca	1422710	4575
1866.30151742000	06	037	1253	losangca	1422710	4575
1989.57395089000	06	037	3015	glendaca	1415240	2866
3914.21730547000	06	037	3112	burbanca	1406450	731
4227.73498162000	06	037	3114	burbanca	1406450	731
2970.40380722000	06	037	1256	losangca	1422710	4575
1325.03005703000	06	037	302102	glendaca	1415240	2392
2943.74823668000	06	037	3024	glendaca	1415240	2392
2098.58779923000	06	037	480801	alhambca	1401920	108
573.32277356800	06	037	201502	losangca	1422710	7059
1454.39991397000	06	037	201501	losangca	1422710	7059
583.88225681200	06	037	267402	losangca	1422710	6465
1645.10506017000	06	037	2731	losangca	1422710	6556
2213.69897752000	06	037	2732	losangca	1422710	6556
2719.83759862000	06	037	2733	losangca	1422710	6556
2082.19586942000	06	037	2351	losangca	1422710	1328
1772.83598313000	06	037	2349	losangca	1422710	1328
2682.45077712000	06	037	235201	losangca	1422710	1328
3432.24802510000	06	037	2379	losangca	1422710	1328
1458.03912682000	06	037	600801	inglewca	1418390	4827
2928.69887663000	06	037	2381	losangca	1422710	2339
2103.40014712000	06	037	2384	losangca	1422710	2339
609.14694876900	06	037	600702	inglewca	1418390	4827
2943.62026965000	06	037	5504	downeyca	1411460	1580
2643.85706059000	06	037	5533	bellflca	1404440	477
3080.66032258000	06	037	5543	bellflca	1404440	4185
1882.66660280000	06	037	554402	bellflca	1404440	4185
2377.40885255000	06	037	620601	redondca	1437410	349
3026.11727972000	06	037	570002	lakewoca	1422500	3521
2445.59810795000	06	037	620602	redondca	1437410	4337
1494.43168393000	06	037	620702	redondca	1437410	4337
1996.64595827000	06	037	5708	lakewoca	1422500	3521
437.82238423800	06	037	650603	torranca	1439420	6833
2877.74503480000	06	037	650901	torranca	1439420	4698
1621.22629815000	06	037	650702	torranca	1439420	6833
4707.78933644000	06	037	650902	torranca	1439420	4698
1455.87870060000	06	037	293201	losangca	1422710	4596
516.87254713900	06	037	293202	losangca	1422710	4596
2402.86790690000	06	037	6214	redondca	1437410	5351
2860.19099735000	06	037	651201	torranca	1439420	6833
6880.71073867000	06	037	570202	longbeca	1422500	3521
1480.41951298000	06	037	264302	losangca	1422710	6465
1273.28319478000	06	037	2385	losangca	1422710	2339
2074.02157929000	06	037	6505	redondca	1437410	5351
2867.50818514000	06	037	4638	pasadeca	1429940	575
1903.05000011000	06	037	2011	losangca	1422710	7059
2278.89687436000	06	037	1861	losangca	1422710	1641
3134.11620991000	06	037	123102	losangca	1422710	4575
2575.82634854000	06	037	480802	alhambca	1401920	108
1512.59194423000	06	037	1811	losangca	1422710	1641
2424.75816215000	06	037	5713	lakewoca	1422500	3521
5368.83934290000	06	037	570201	longbeca	1422500	3521
1014.22684943000	06	037	554401	bellflca	1404440	4185
2903.23892943000	06	037	570001	lakewoca	1422500	3521
872.10669092900	06	037	571101	lakewoca	1422500	3521
996.88071827400	06	037	5712	longbeca	1422500	3521
1203.98932305000	06	037	3107	burbanca	1406450	731
2067.19997368000	06	037	3118	burbanca	1406450	731
1340.70443345000	06	037	3102	burbanca	1406450	731
1713.03741888000	06	037	600802	inglewca	1418390	4827
2758.16780452000	06	037	235202	losangca	1422710	1328
506.38036320900	06	037	600701	inglewca	1418390	4827
2012.53281846000	06	037	600901	inglewca	1418390	2953
2256.78930267000	06	037	3014	glendaca	1415240	2866
675.74363520700	06	037	571102	lakewoca	1422500	3521
3231.58356058000	06	037	2734	losangca	1422710	6556
4133.75814787000	06	037	651301	torranca	1439420	6833
574.27411663900	06	037	6212	redondca	1437410	5351
1422.03193591000	06	037	5532	bellflca	1404440	477
3518.12770447000	06	037	1431	losangca	1422710	4575
4411.28524805000	06	037	3116	burbanca	1406450	731
1919.78991314000	06	037	1883	losangca	1422710	3192
2066.90413746000	06	037	5503	norwalca	1427690	4711
2764.18912879000	06	037	5518	downeyca	1411460	1648
8010.67126328000	06	037	5704	longbeca	1422500	3521
1609.97110973000	06	037	5422	comptoca	1409620	1549
2170.56825261000	06	037	3016	glendaca	1415240	2866
1715.85212713000	06	037	621302	redondca	1437410	5351
493.85946055400	06	059	87601	anaheica	1402640	3777
791.87721980900	06	059	87602	anaheica	1402640	3777
1993.80245478000	06	059	88201	gargroca	1414880	5305
2269.37313883000	06	059	88301	gargroca	1414880	2265
1403.16759925000	06	059	88401	gargroca	1414880	2265
2469.97602338000	06	059	88403	gargroca	1414880	5777
2657.53775006000	06	059	88202	gargroca	1414880	2265
1124.13387743000	06	059	88302	gargroca	1414880	2265
1956.41384365000	06	059	88402	gargroca	1414880	2265
5253.85313597000	06	059	89101	sananaca	1435310	5980
1527.09074998000	06	059	89002	gargroca	1414880	5777
4375.01447525000	06	059	89001	sananaca	1435310	5981
3067.26739258000	06	059	87502	anaheica	1402640	3777
1304.46828216000	06	059	87702	anaheica	1402640	3987
648.90549909700	06	059	89102	gargroca	1414880	5777
1517.00949536000	06	059	89103	gargroca	1414880	5777
936.27549721500	06	085	510801	palaltca	1429610	1821
950.09752457600	06	085	510803	palaltca	1429610	1821
523.25662025800	06	085	510802	palaltca	1429610	1821
718.38235036200	06	085	5104	losaltca	1426310	4508
718.38235036200	06	085	5104	losaltca	1426310	3846
1286.22055382000	06	085	5105	losaltca	1426310	4508
1286.22055382000	06	085	5105	losaltca	1426310	3846
2299.47349975000	06	085	509802	mouvieca	1426310	1082
374.42183989600	06	085	5057	sanclaca	1435430	5988
1895.03204810000	06	085	5058	sanjosca	1434590	3703
1138.74726259000	06	085	5106	palaltca	1429610	2719
1966.56696775000	06	085	5094	mouvieca	1426310	4508
1966.56696775000	06	085	5094	mouvieca	1426310	3846
1409.01864510000	06	085	509801	mouvieca	1426310	4508
1409.01864510000	06	085	509801	mouvieca	1426310	3846
1567.68902792000	06	085	5102	losaltca	1426310	4508
1567.68902792000	06	085	5102	losaltca	1426310	3846
1573.40563874000	08	001	78	auroraco	1502340	197
2606.13876806000	08	001	79	auroraco	1502340	197
1626.44872350000	08	005	72	auroraco	1502340	197
782.36636804300	08	005	73	auroraco	1502340	197
2085.26071487000	17	031	201	chicagil	2309930	3579
2893.09920903000	17	031	202	chicagil	2309930	3579
1653.69535287000	17	031	102	chicagil	2309930	3579
2538.02751802000	17	031	2505	chicagil	2309930	642
2566.60300757000	17	031	2504	chicagil	2309930	642
3316.08320956000	17	031	2506	chicagil	2309930	3469
3682.32871293000	17	031	2520	chicagil	2309930	3469
3888.63662264000	17	031	2521	chicagil	2309930	3469
4392.27562323000	17	031	2524	chicagil	2309930	3469
1906.45414641000	17	031	8146	berwynil	2326880	1941
1629.70420549000	17	031	8147	berwynil	2326880	1940
1270.37124601000	17	031	8135	ciceroil	2326880	1941
1323.11461970000	17	031	8150	berwynil	2326880	1941
206.99350326400	17	031	8140	ciceroil	2326880	1941
996.22563065600	17	031	8151	berwynil	2326880	1941
1838.52379194000	17	031	8145	ciceroil	2326880	1941
1275.08234523000	17	031	8152	berwynil	2326880	1941
2548.38102654000	17	031	8155	berwynil	2326880	1940
3248.59374183000	17	031	2513	chicagil	2309930	3469
3379.34585124000	17	031	2514	chicagil	2309930	3469
2103.92549197000	17	031	101	chicagil	2309930	3579
2986.50580627000	17	161	228	rocislil	2334410	3566
3131.52104233000	17	161	227	rocislil	2334410	3566
681.80264006700	20	209	43101	kancitks	2607950	1464
1026.70441659000	20	209	432	kancitks	2607950	1464
4798.79274448000	25	017	3547	bostonma	3102790	240
4298.85983530000	25	017	3545	bostonma	3102790	240
5526.24856691000	25	017	3550	bostonma	3102790	240
1240.10257542000	25	025	1106	bostonma	3102790	1878
1581.23497607000	25	025	5	bostonma	3102790	240
996.57328911300	25	025	7	bostonma	3102790	240
3564.98712274000	25	025	1301	bostonma	3102790	1878
1011.82609627000	25	025	101	bostonma	3102790	2395
1095.91773343000	25	025	1201	bostonma	3102790	1078
1066.45352584000	25	025	102	bostonma	3102790	205
1784.69488260000	26	163	834	dearbomi	3211600	1119
1438.17750216000	26	163	835	dearbomi	3211600	1119
2683.05609042000	26	163	20502	detroimi	3212000	658
1406.54851860000	26	163	20401	detroimi	3212000	2017
1652.69620070000	26	163	20402	detroimi	3212000	2017
1974.12108696000	26	163	35102	detroimi	3212000	658
2670.50912585000	26	163	35101	detroimi	3212000	658
984.83628251800	27	053	40	minneamn	3321240	2274
3054.23048154000	27	053	50	minneamn	3321240	2274
4045.60920631000	27	123	348	stpaulmn	3333840	331
2993.04561492000	27	123	332	stpaulmn	3333840	1505
3848.10236454000	29	095	120	indepemo	3515480	2112
3024.41288771000	29	095	124	indepemo	3515480	2112
7192.84349367000	29	095	106	kancitmo	3516400	2143
3396.93613952000	29	095	10801	kancitmo	3516400	2143
3931.19120993000	29	095	119	indepemo	3515480	2112
1277.48108297000	29	095	46	kancitmo	3516400	2261
1051.92201360000	29	095	70	kancitmo	3516400	2261
1554.19850732000	29	095	71	kancitmo	3516400	2261
2419.68275908000	29	510	1051	sailoumo	3529280	1911
1529.15863275000	34	013	6	newarknj	4011340	105
590.08799090500	34	013	102	easoranj	4004230	380
1186.22319854000	34	013	103	easoranj	4004230	380
1097.88179488000	34	013	7	newarknj	4011340	105
1328.20675102000	34	013	108	easoranj	4004230	531
1451.54101790999	34	013	115	easoranj	4004230	531
963.23757072600	34	013	9	newarknj	4011340	105
1156.40932571000	34	013	17	newarknj	4011340	2179
1382.85272763000	34	013	109	easoranj	4004230	531
1447.70230309000	34	013	117	easoranj	4004230	531
1370.47639289000	34	013	20	newarknj	4011340	2124
2021.85084256000	34	013	118	easoranj	4004230	531
1540.27177534000	34	013	25	newarknj	4011340	2179
443.73993726200	34	013	18	newarknj	4011340	2179
503.80567575400	34	013	26	newarknj	4011340	2179
409.07960257800	34	013	22	newarknj	4011340	2124
1132.25516470000	34	013	35	newarknj	4011340	2179
1416.65031047000	34	013	37	newarknj	4011340	2179
1913.09359624000	34	013	42	newarknj	4011340	2179
2235.16078628000	34	013	43	newarknj	4011340	1904
521.87470447100	34	013	23	newarknj	4011340	2124
1126.41605493000	34	013	24	newarknj	4011340	2124
1021.24008490000	34	013	19	newarknj	4011340	2179
2821.43813322000	34	013	45	newarknj	4011340	1904
1020.23758070000	34	017	177	unicitnj	4016380	593
963.42268342000	34	017	178	unicitnj	4016380	593
2670.52576905000	34	017	2	jercitnj	4007830	2305
2247.16949995000	34	017	61	jercitnj	4007830	900
2269.73777517000	34	017	63	jercitnj	4007830	900
2466.51898743000	34	017	3	jercitnj	4007830	2305
13979.37794230000	34	017	103	easoranj	4004230	531
2139.05452385000	34	031	1831	patersnj	4012690	544
2369.46231799000	34	031	1830	patersnj	4012690	544
3732.78738103000	36	005	341	newyorny	4220580	349
3611.96818692000	36	005	343	newyorny	4220580	349
3162.27248316000	36	005	446	newyorny	4220580	990
2778.64973488000	36	005	448	newyorny	4220580	990
2742.35598712000	36	005	45102	newyorny	4220580	990
3364.98603947000	36	005	442	newyorny	4220580	990
3068.26553478999	36	005	454	newyorny	4220580	990
3133.64597521000	36	005	414	newyorny	4220580	990
2540.04782468000	36	081	157903	newyorny	4220580	2034
3540.79227413000	39	035	1013	cleveloh	4504378	1832
2067.03771845000	39	035	1194	cleveloh	4504378	4270
2067.03771845000	39	035	1194	cleveloh	4504378	1840
3208.77564196000	39	035	1011	cleveloh	4504378	2325
3019.38490884000	39	061	60	cincinoh	4504375	4216
3019.38490884000	39	061	60	cincinoh	4504375	4216
2460.06096848000	39	113	212	ketteroh	4504418	1891
2152.18950213000	39	113	210	ketteroh	4504418	1892
1350.34269385000	39	113	209	ketteroh	4504418	1892
963.70646869300	39	113	54	daytonoh	4504384	230
3340.79830459000	39	113	211	ketteroh	4504418	1891
1471.44895233000	39	113	55	daytonoh	4504384	230
934.13383430500	42	003	2902	pittsbpa	4819170	512
1521.69025578000	42	003	2803	pittsbpa	4819170	2188
2315.79524557000	42	003	1605	pittsbpa	4819170	512
1841.78923528000	42	003	1406	pittsbpa	4819170	4497
1543.98235901000	42	003	3001	pittsbpa	4819170	3585
1042.78127057000	42	003	2802	pittsbpa	4819170	2188
1938.69640976000	42	003	1410	pittsbpa	4819170	49
968.46054071700	42	003	1405	pittsbpa	4819170	4497
2206.58314276000	42	003	1603	pittsbpa	4819170	1537
1647.25841538000	42	003	1411	pittsbpa	4819170	49
3823.93751630000	06	001	4004	oaklanca	1428050	4197
4206.08729202000	06	001	4002	oaklanca	1428050	4197
3607.05172758000	06	001	4005	oaklanca	1428050	4197
2716.27582972000	06	001	4007	oaklanca	1428050	4197
3085.32501446000	06	001	4008	oaklanca	1428050	4197
3280.19081989000	06	001	4003	oaklanca	1428050	4197
